[#1] INFO:DataHandling -- RooDataHist::adjustBinning(dh_pass): fit range of variable Mmm expanded to nearest bin boundaries: [65.0000000000,115.0000000000] --> [65.0000000000,115.0000000000]
[#1] INFO:DataHandling -- RooDataHist::adjustBinning(dh_fail): fit range of variable Mmm expanded to nearest bin boundaries: [65.0000000000,115.0000000000] --> [65.0000000000,115.0000000000]
[#1] INFO:Minization -- p.d.f. provides expected number of events, including extended term in likelihood.
[#1] INFO:NumericIntegration -- RooRealIntegral::init(voigt1P_Int[Mmm]) using numeric integrator RooIntegrator1D to calculate Int(Mmm)
[#1] INFO:NumericIntegration -- RooRealIntegral::init(voigt2P_Int[Mmm]) using numeric integrator RooIntegrator1D to calculate Int(Mmm)
[#1] INFO:NumericIntegration -- RooRealIntegral::init(expP_Int[Mmm]) using numeric integrator RooIntegrator1D to calculate Int(Mmm)
[#1] INFO:Minization -- RooMinimizer::optimizeConst: activating const optimization
[#1] INFO:NumericIntegration -- RooRealIntegral::init(voigt1P_Int[Mmm]) using numeric integrator RooIntegrator1D to calculate Int(Mmm)
[#1] INFO:NumericIntegration -- RooRealIntegral::init(voigt2P_Int[Mmm]) using numeric integrator RooIntegrator1D to calculate Int(Mmm)
[#1] INFO:NumericIntegration -- RooRealIntegral::init(expP_Int[Mmm]) using numeric integrator RooIntegrator1D to calculate Int(Mmm)
[#1] INFO:Minization --  The following expressions will be evaluated in cache-and-track mode: (voigt1P,voigt2P,expP)
[#1] INFO:Minization -- RooMinimizerFcn::synchronize: set of constant parameters changed, rerunning const optimizer
[#1] INFO:NumericIntegration -- RooRealIntegral::init(voigt1P_Int[Mmm]) using numeric integrator RooIntegrator1D to calculate Int(Mmm)
[#1] INFO:NumericIntegration -- RooRealIntegral::init(voigt2P_Int[Mmm]) using numeric integrator RooIntegrator1D to calculate Int(Mmm)
[#1] INFO:NumericIntegration -- RooRealIntegral::init(expP_Int[Mmm]) using numeric integrator RooIntegrator1D to calculate Int(Mmm)
[#1] INFO:Minization --  The following expressions will be evaluated in cache-and-track mode: (voigt1P,voigt2P,expP)
 **********
 **    1 **SET PRINT           1
 **********
 **********
 **    2 **SET NOGRAD
 **********
 PARAMETER DEFINITIONS:
    NO.   NAME         VALUE      STEP SIZE      LIMITS
     1 alphaP       6.00000e+01  1.00000e+01    6.00000e+01  1.60000e+02
 MINUIT WARNING IN PARAM DEF
 ============== STARTING VALUE IS AT LIMIT.
 MINUIT WARNING IN PARAMETR
 ============== VARIABLE1 IS AT ITS LOWER ALLOWED LIMIT.
 MINUIT WARNING IN PARAMETR
 ============== VARIABLE1 BROUGHT BACK INSIDE LIMITS.
     2 betaP        5.00000e-02  1.50000e-02    5.00000e-02  2.00000e-01
 MINUIT WARNING IN PARAM DEF
 ============== STARTING VALUE IS AT LIMIT.
 MINUIT WARNING IN PARAMETR
 ============== VARIABLE2 IS AT ITS LOWER ALLOWED LIMIT.
 MINUIT WARNING IN PARAMETR
 ============== VARIABLE2 BROUGHT BACK INSIDE LIMITS.
     3 frac3P       0.00000e+00  1.00000e+05    0.00000e+00  1.00000e+06
 MINUIT WARNING IN PARAM DEF
 ============== STARTING VALUE IS AT LIMIT.
 MINUIT WARNING IN PARAMETR
 ============== VARIABLE3 IS AT ITS LOWER ALLOWED LIMIT.
 MINUIT WARNING IN PARAMETR
 ============== VARIABLE3 BROUGHT BACK INSIDE LIMITS.
     4 fracSP       5.00000e-01  1.00000e-01    0.00000e+00  1.00000e+00
     5 gammaP       0.00000e+00  3.00000e-01   -1.00000e+00  2.00000e+00
     6 mean1P       9.00000e+01  2.50000e+00    8.00000e+01  1.05000e+02
     7 mean2P       9.00000e+01  2.50000e+00    8.00000e+01  1.05000e+02
     8 normSP       1.00000e+05  5.00000e+04    0.00000e+00  1.00000e+08
 MINUIT WARNING IN PARAM DEF
 ============== LIMITS ON PARAM8 TOO FAR APART.
 PARAMETER DEFINITIONS:
    NO.   NAME         VALUE      STEP SIZE      LIMITS
     9 peakP        9.00000e+01  9.00000e+00     no limits
 **********
 **    3 **FIX           9
 **********
 PARAMETER DEFINITIONS:
    NO.   NAME         VALUE      STEP SIZE      LIMITS
    10 sigma1P      2.00000e+00  5.00000e-01    0.00000e+00  5.00000e+00
    11 sigma2P      4.00000e+00  8.00000e-01    2.00000e+00  1.00000e+01
    12 width        2.49500e+00  2.49500e-01     no limits
 **********
 **    4 **FIX          12
 **********
 **********
 **    5 **SET ERR         0.5
 **********
 **********
 **    6 **SET PRINT           1
 **********
 **********
 **    7 **SET STR           1
 **********
 NOW USING STRATEGY  1: TRY TO BALANCE SPEED AGAINST RELIABILITY
 **********
 **    8 **MIGRAD        6000           1
 **********
 FIRST CALL TO USER FUNCTION AT NEW START POINT, WITH IFLAG=4.
 MINUIT WARNING IN MIGrad    
 ============== VARIABLE1 IS AT ITS LOWER ALLOWED LIMIT.
 MINUIT WARNING IN MIGrad    
 ============== VARIABLE2 IS AT ITS LOWER ALLOWED LIMIT.
 MINUIT WARNING IN MIGrad    
 ============== VARIABLE3 IS AT ITS LOWER ALLOWED LIMIT.
 START MIGRAD MINIMIZATION.  STRATEGY  1.  CONVERGENCE WHEN EDM .LT. 1.00e-03
 FCN=99993.7 FROM MIGRAD    STATUS=INITIATE      238 CALLS         239 TOTAL
                     EDM= unknown      STRATEGY= 1      NO ERROR MATRIX       
  EXT PARAMETER               CURRENT GUESS       STEP         FIRST   
  NO.   NAME      VALUE            ERROR          SIZE      DERIVATIVE 
   1  alphaP       6.61678e+01   1.00000e+01   0.00000e+00   1.01919e-04
   2  betaP        1.99983e-01   1.50000e-02   0.00000e+00   1.13854e-07
   3  frac3P       9.53674e-01   1.00000e+05   0.00000e+00   9.76447e+02
   4  fracSP       5.00000e-01   1.00000e-01   0.00000e+00   4.55933e-01
   5  gammaP       4.69697e-01   3.00000e-01   0.00000e+00  -5.87228e-05
   6  mean1P       8.00018e+01   2.50000e+00   0.00000e+00   1.50287e-02
   7  mean2P       8.00105e+01   2.50000e+00   0.00000e+00  -4.65393e-02
   8  normSP       1.00000e+05   5.00000e+04   0.00000e+00   3.16066e+06
   9  peakP        9.00000e+01     fixed    
  10  sigma1P      4.99855e+00   5.00000e-01   0.00000e+00  -9.49172e-03
  11  sigma2P      1.00000e+01   8.00000e-01   2.09313e+00  -2.60492e-04
  12  width        2.49500e+00     fixed    
                               ERR DEF= 0.5
 MIGRAD MINIMIZATION HAS CONVERGED.
 MIGRAD WILL VERIFY CONVERGENCE AND ERROR MATRIX.
 MINUIT WARNING IN HESSE   
 ============== Negative diagonal element 2 in Error Matrix
 MINUIT WARNING IN HESSE   
 ============== Negative diagonal element 3 in Error Matrix
 MINUIT WARNING IN HESSE   
 ============== 3.03227e+06 added to diagonal of error matrix
 EIGENVALUES OF SECOND-DERIVATIVE MATRIX:
        -1.8680e+00  1.0000e+00  1.0000e+00  1.0000e+00  1.0000e+00  1.0000e+00  1.0000e+00  1.0000e+00  1.0000e+00  3.8680e+00
 MINUIT WARNING IN HESSE   
 ============== MATRIX FORCED POS-DEF BY ADDING 1.871842 TO DIAGONAL.
 FCN=4.90218 FROM HESSE     STATUS=NOT POSDEF     92 CALLS         444 TOTAL
                     EDM=1016.15    STRATEGY= 1      ERR MATRIX NOT POS-DEF
  EXT PARAMETER                APPROXIMATE        STEP         FIRST   
  NO.   NAME      VALUE            ERROR          SIZE      DERIVATIVE 
   1  alphaP       6.21075e+01   4.86736e-03   5.00000e-01  -9.86877e-07
   2  betaP        2.00000e-01   1.54800e-08   5.00000e-01** at limit **
   3  frac3P       4.28380e-07   6.57781e+05   9.81228e-07** at limit **
   4  fracSP       1.17009e-05   1.15916e-06   2.84540e-03   2.17956e-03
   5  gammaP       6.02720e-01   5.07170e-04   3.63116e-01   3.34254e-06
   6  mean1P       8.00000e+01   2.47421e-06   1.17730e-01** at limit **
   7  mean2P       8.00000e+01   7.17715e-07   1.29063e-03** at limit **
   8  normSP       9.94385e-01   3.13009e+01   7.49109e-07** at limit **
   9  peakP        9.00000e+01     fixed    
  10  sigma1P      5.00000e+00   7.33228e-07   2.13968e-02** at limit **
  11  sigma2P      1.00000e+01   2.29669e-07   3.30106e-03** at limit **
  12  width        2.49500e+00     fixed    
                               ERR DEF= 0.5
 MIGRAD MINIMIZATION HAS CONVERGED.
 MIGRAD WILL VERIFY CONVERGENCE AND ERROR MATRIX.
 MINUIT WARNING IN HESSE
 ============== Second derivative enters zero, param 4
 MINUIT WARNING IN HESSE
 ============== Second derivative zero for parameter4
  MNHESS FAILS AND WILL RETURN DIAGONAL MATRIX. 
 FCN=2.87221 FROM MIGRAD    STATUS=CONVERGED     755 CALLS         756 TOTAL
                     EDM=6.35185e-05    STRATEGY= 1  ERROR MATRIX UNCERTAINTY 100.0 per cent
  EXT PARAMETER                APPROXIMATE        STEP         FIRST   
  NO.   NAME      VALUE            ERROR          SIZE      DERIVATIVE 
   1  alphaP       6.26416e+01   2.17706e+01   1.42916e-03  -2.15673e-01
   2  betaP        2.00000e-01   1.49318e-01   1.96746e-02** at limit **
   3  frac3P       9.99998e-01   9.99998e-01   1.26808e-06   1.89426e-03
   4  fracSP       1.17009e-05   1.63930e-06   6.98570e-14   0.00000e+00
   5  gammaP       4.23663e-01   4.04680e-01   6.07040e-06  -6.34458e-02
   6  mean1P       8.00000e+01   5.74622e+00   2.00356e-19** at limit **
   7  mean2P       8.00000e+01   5.74622e+00   1.87406e-16** at limit **
   8  normSP       0.00000e+00   5.75513e-01  -3.88867e-08** at limit **
   9  peakP        9.00000e+01     fixed    
  10  sigma1P      5.00000e+00   1.14924e+00  -1.24388e-19** at limit **
  11  sigma2P      1.00000e+01   1.83879e+00  -9.79379e-17** at limit **
  12  width        2.49500e+00     fixed    
                               ERR DEF= 0.5
 EXTERNAL ERROR MATRIX.    NDIM=  25    NPAR= 10    ERR DEF=0.5
  2.572e+02  0.000e+00  0.000e+00  0.000e+00  0.000e+00  0.000e+00  0.000e+00  0.000e+00  0.000e+00  0.000e+00 
  0.000e+00  5.038e-07  0.000e+00  0.000e+00  0.000e+00  0.000e+00  0.000e+00  0.000e+00  0.000e+00  0.000e+00 
  0.000e+00  0.000e+00  1.000e+00  0.000e+00  0.000e+00  0.000e+00  0.000e+00  0.000e+00  0.000e+00  0.000e+00 
  0.000e+00  0.000e+00  0.000e+00  2.687e-12  0.000e+00  0.000e+00  0.000e+00  0.000e+00  0.000e+00  0.000e+00 
  0.000e+00  0.000e+00  0.000e+00  0.000e+00  1.679e-01  0.000e+00  0.000e+00  0.000e+00  0.000e+00  0.000e+00 
  0.000e+00  0.000e+00  0.000e+00  0.000e+00  0.000e+00  5.331e-05  0.000e+00  0.000e+00  0.000e+00  0.000e+00 
  0.000e+00  0.000e+00  0.000e+00  0.000e+00  0.000e+00  0.000e+00  2.583e-09  0.000e+00  0.000e+00  0.000e+00 
  0.000e+00  0.000e+00  0.000e+00  0.000e+00  0.000e+00  0.000e+00  0.000e+00  1.233e-10  0.000e+00  0.000e+00 
  0.000e+00  0.000e+00  0.000e+00  0.000e+00  0.000e+00  0.000e+00  0.000e+00  0.000e+00  4.682e-06  0.000e+00 
  0.000e+00  0.000e+00  0.000e+00  0.000e+00  0.000e+00  0.000e+00  0.000e+00  0.000e+00  0.000e+00  2.333e-09 
ERR MATRIX APPROXIMATE
 PARAMETER  CORRELATION COEFFICIENTS  
       NO.  GLOBAL      1      2      3      4      5      6      7      8     10     11
        1  0.00000   1.000  0.000  0.000  0.000  0.000  0.000  0.000  0.000  0.000  0.000
        2  0.00000   0.000  1.000  0.000  0.000  0.000  0.000  0.000  0.000  0.000  0.000
        3  0.00000   0.000  0.000  1.000  0.000  0.000  0.000  0.000  0.000  0.000  0.000
        4  0.00000   0.000  0.000  0.000  1.000  0.000  0.000  0.000  0.000  0.000  0.000
        5  0.00000   0.000  0.000  0.000  0.000  1.000  0.000  0.000  0.000  0.000  0.000
        6  0.00000   0.000  0.000  0.000  0.000  0.000  1.000  0.000  0.000  0.000  0.000
        7  0.00000   0.000  0.000  0.000  0.000  0.000  0.000  1.000  0.000  0.000  0.000
        8  0.00000   0.000  0.000  0.000  0.000  0.000  0.000  0.000  1.000  0.000  0.000
       10  0.00000   0.000  0.000  0.000  0.000  0.000  0.000  0.000  0.000  1.000  0.000
       11  0.00000   0.000  0.000  0.000  0.000  0.000  0.000  0.000  0.000  0.000  1.000
 ERR MATRIX APPROXIMATE
 **********
 **    9 **HESSE        6000
 **********
 MINUIT WARNING IN HESSE
 ============== Second derivative zero for parameter4
  MNHESS FAILS AND WILL RETURN DIAGONAL MATRIX. 
 FCN=2.87221 FROM HESSE     STATUS=FAILED          9 CALLS         765 TOTAL
                     EDM=6.35185e-05    STRATEGY= 1  ERROR MATRIX UNCERTAINTY 100.0 per cent
  EXT PARAMETER                APPROXIMATE     INTERNAL      INTERNAL  
  NO.   NAME      VALUE            ERROR       STEP SIZE       VALUE   
   1  alphaP       6.26416e+01   2.17706e+01   1.42916e-03  -1.24429e+00
   2  betaP        2.00000e-01   1.49318e-01   1.96746e-02   1.57141e+00
                                 WARNING -   - ABOVE PARAMETER IS AT LIMIT.
   3  frac3P       9.99998e-01   9.99998e-01   1.26808e-06  -1.57280e+00
   4  fracSP       5.95790e-02   5.95673e-02   6.98570e-14  -1.56395e+00
   5  gammaP       4.23663e-01   4.04680e-01   6.07040e-06  -5.09131e-02
   6  mean1P       8.00000e+01   5.74622e+00   2.00356e-19  -1.57021e+00
                                 WARNING -   - ABOVE PARAMETER IS AT LIMIT.
   7  mean2P       8.00000e+01   5.74622e+00   1.87406e-16  -1.57079e+00
                                 WARNING -   - ABOVE PARAMETER IS AT LIMIT.
   8  normSP       0.00000e+00   5.75513e-01  -3.88867e-08  -1.57080e+00
                                 WARNING -   - ABOVE PARAMETER IS AT LIMIT.
   9  peakP        9.00000e+01     fixed    
  10  sigma1P      5.00000e+00   1.14924e+00  -1.24388e-19   1.56993e+00
                                 WARNING -   - ABOVE PARAMETER IS AT LIMIT.
  11  sigma2P      1.00000e+01   1.83879e+00  -9.79379e-17   1.57078e+00
                                 WARNING -   - ABOVE PARAMETER IS AT LIMIT.
  12  width        2.49500e+00     fixed    
                               ERR DEF= 0.5
 EXTERNAL ERROR MATRIX.    NDIM=  25    NPAR= 10    ERR DEF=0.5
  2.572e+02  0.000e+00  0.000e+00  0.000e+00  0.000e+00  0.000e+00  0.000e+00  0.000e+00  0.000e+00  0.000e+00 
  0.000e+00  5.038e-07  0.000e+00  0.000e+00  0.000e+00  0.000e+00  0.000e+00  0.000e+00  0.000e+00  0.000e+00 
  0.000e+00  0.000e+00  1.000e+00  0.000e+00  0.000e+00  0.000e+00  0.000e+00  0.000e+00  0.000e+00  0.000e+00 
  0.000e+00  0.000e+00  0.000e+00  2.687e-12  0.000e+00  0.000e+00  0.000e+00  0.000e+00  0.000e+00  0.000e+00 
  0.000e+00  0.000e+00  0.000e+00  0.000e+00  1.679e-01  0.000e+00  0.000e+00  0.000e+00  0.000e+00  0.000e+00 
  0.000e+00  0.000e+00  0.000e+00  0.000e+00  0.000e+00  5.331e-05  0.000e+00  0.000e+00  0.000e+00  0.000e+00 
  0.000e+00  0.000e+00  0.000e+00  0.000e+00  0.000e+00  0.000e+00  2.583e-09  0.000e+00  0.000e+00  0.000e+00 
  0.000e+00  0.000e+00  0.000e+00  0.000e+00  0.000e+00  0.000e+00  0.000e+00  1.233e-10  0.000e+00  0.000e+00 
  0.000e+00  0.000e+00  0.000e+00  0.000e+00  0.000e+00  0.000e+00  0.000e+00  0.000e+00  4.682e-06  0.000e+00 
  0.000e+00  0.000e+00  0.000e+00  0.000e+00  0.000e+00  0.000e+00  0.000e+00  0.000e+00  0.000e+00  2.333e-09 
ERR MATRIX APPROXIMATE
 PARAMETER  CORRELATION COEFFICIENTS  
       NO.  GLOBAL      1      2      3      4      5      6      7      8     10     11
        1  0.00000   1.000  0.000  0.000  0.000  0.000  0.000  0.000  0.000  0.000  0.000
        2  0.00000   0.000  1.000  0.000  0.000  0.000  0.000  0.000  0.000  0.000  0.000
        3  0.00000   0.000  0.000  1.000  0.000  0.000  0.000  0.000  0.000  0.000  0.000
        4  0.00000   0.000  0.000  0.000  1.000  0.000  0.000  0.000  0.000  0.000  0.000
        5  0.00000   0.000  0.000  0.000  0.000  1.000  0.000  0.000  0.000  0.000  0.000
        6  0.00000   0.000  0.000  0.000  0.000  0.000  1.000  0.000  0.000  0.000  0.000
        7  0.00000   0.000  0.000  0.000  0.000  0.000  0.000  1.000  0.000  0.000  0.000
        8  0.00000   0.000  0.000  0.000  0.000  0.000  0.000  0.000  1.000  0.000  0.000
       10  0.00000   0.000  0.000  0.000  0.000  0.000  0.000  0.000  0.000  1.000  0.000
       11  0.00000   0.000  0.000  0.000  0.000  0.000  0.000  0.000  0.000  0.000  1.000
 ERR MATRIX APPROXIMATE
[#1] INFO:Minization -- RooMinimizerFcn::synchronize: set of constant parameters changed, rerunning const optimizer
[#1] INFO:NumericIntegration -- RooRealIntegral::init(voigt1P_Int[Mmm]) using numeric integrator RooIntegrator1D to calculate Int(Mmm)
[#1] INFO:NumericIntegration -- RooRealIntegral::init(voigt2P_Int[Mmm]) using numeric integrator RooIntegrator1D to calculate Int(Mmm)
[#1] INFO:NumericIntegration -- RooRealIntegral::init(expP_Int[Mmm]) using numeric integrator RooIntegrator1D to calculate Int(Mmm)
[#1] INFO:Minization --  The following expressions will be evaluated in cache-and-track mode: (voigt1P,voigt2P,expP)
 **********
 **   10 **SET ERR         0.5
 **********
 **********
 **   11 **SET PRINT           1
 **********
 **********
 **   12 **HESSE        6000
 **********
 MINUIT WARNING IN HESSE
 ============== Second derivative zero for parameter4
  MNHESS FAILS AND WILL RETURN DIAGONAL MATRIX. 
 FCN=2.87221 FROM HESSE     STATUS=FAILED          9 CALLS         774 TOTAL
                     EDM=6.35185e-05    STRATEGY= 1  ERROR MATRIX UNCERTAINTY 100.0 per cent
  EXT PARAMETER                APPROXIMATE     INTERNAL      INTERNAL  
  NO.   NAME      VALUE            ERROR       STEP SIZE       VALUE   
   1  alphaP       6.26416e+01   2.17706e+01   1.42916e-03  -1.24429e+00
   2  betaP        2.00000e-01   1.49318e-01   1.96746e-02   1.57141e+00
                                 WARNING -   - ABOVE PARAMETER IS AT LIMIT.
   3  frac3P       9.99998e-01   9.99998e-01   1.26808e-06  -1.57280e+00
   4  fracSP       5.95790e-02   5.95673e-02   6.98570e-14  -1.56395e+00
   5  gammaP       4.23663e-01   4.04680e-01   6.07040e-06  -5.09131e-02
   6  mean1P       8.00000e+01   5.74622e+00   2.00356e-19  -1.57021e+00
                                 WARNING -   - ABOVE PARAMETER IS AT LIMIT.
   7  mean2P       8.00000e+01   5.74622e+00   1.87406e-16  -1.57079e+00
                                 WARNING -   - ABOVE PARAMETER IS AT LIMIT.
   8  normSP       0.00000e+00   5.75513e-01  -3.88867e-08  -1.57080e+00
                                 WARNING -   - ABOVE PARAMETER IS AT LIMIT.
   9  peakP        9.00000e+01     fixed    
  10  sigma1P      5.00000e+00   1.14924e+00  -1.24388e-19   1.56993e+00
                                 WARNING -   - ABOVE PARAMETER IS AT LIMIT.
  11  sigma2P      1.00000e+01   1.83879e+00  -9.79379e-17   1.57078e+00
                                 WARNING -   - ABOVE PARAMETER IS AT LIMIT.
  12  width        2.49500e+00     fixed    
                               ERR DEF= 0.5
 EXTERNAL ERROR MATRIX.    NDIM=  25    NPAR= 10    ERR DEF=0.5
  2.572e+02  0.000e+00  0.000e+00  0.000e+00  0.000e+00  0.000e+00  0.000e+00  0.000e+00  0.000e+00  0.000e+00 
  0.000e+00  5.038e-07  0.000e+00  0.000e+00  0.000e+00  0.000e+00  0.000e+00  0.000e+00  0.000e+00  0.000e+00 
  0.000e+00  0.000e+00  1.000e+00  0.000e+00  0.000e+00  0.000e+00  0.000e+00  0.000e+00  0.000e+00  0.000e+00 
  0.000e+00  0.000e+00  0.000e+00  2.687e-12  0.000e+00  0.000e+00  0.000e+00  0.000e+00  0.000e+00  0.000e+00 
  0.000e+00  0.000e+00  0.000e+00  0.000e+00  1.679e-01  0.000e+00  0.000e+00  0.000e+00  0.000e+00  0.000e+00 
  0.000e+00  0.000e+00  0.000e+00  0.000e+00  0.000e+00  5.331e-05  0.000e+00  0.000e+00  0.000e+00  0.000e+00 
  0.000e+00  0.000e+00  0.000e+00  0.000e+00  0.000e+00  0.000e+00  2.583e-09  0.000e+00  0.000e+00  0.000e+00 
  0.000e+00  0.000e+00  0.000e+00  0.000e+00  0.000e+00  0.000e+00  0.000e+00  1.233e-10  0.000e+00  0.000e+00 
  0.000e+00  0.000e+00  0.000e+00  0.000e+00  0.000e+00  0.000e+00  0.000e+00  0.000e+00  4.682e-06  0.000e+00 
  0.000e+00  0.000e+00  0.000e+00  0.000e+00  0.000e+00  0.000e+00  0.000e+00  0.000e+00  0.000e+00  2.333e-09 
ERR MATRIX APPROXIMATE
 PARAMETER  CORRELATION COEFFICIENTS  
       NO.  GLOBAL      1      2      3      4      5      6      7      8     10     11
        1  0.00000   1.000  0.000  0.000  0.000  0.000  0.000  0.000  0.000  0.000  0.000
        2  0.00000   0.000  1.000  0.000  0.000  0.000  0.000  0.000  0.000  0.000  0.000
        3  0.00000   0.000  0.000  1.000  0.000  0.000  0.000  0.000  0.000  0.000  0.000
        4  0.00000   0.000  0.000  0.000  1.000  0.000  0.000  0.000  0.000  0.000  0.000
        5  0.00000   0.000  0.000  0.000  0.000  1.000  0.000  0.000  0.000  0.000  0.000
        6  0.00000   0.000  0.000  0.000  0.000  0.000  1.000  0.000  0.000  0.000  0.000
        7  0.00000   0.000  0.000  0.000  0.000  0.000  0.000  1.000  0.000  0.000  0.000
        8  0.00000   0.000  0.000  0.000  0.000  0.000  0.000  0.000  1.000  0.000  0.000
       10  0.00000   0.000  0.000  0.000  0.000  0.000  0.000  0.000  0.000  1.000  0.000
       11  0.00000   0.000  0.000  0.000  0.000  0.000  0.000  0.000  0.000  0.000  1.000
 ERR MATRIX APPROXIMATE
[#1] INFO:Minization -- RooMinimizer::optimizeConst: deactivating const optimization
[#1] INFO:NumericIntegration -- RooRealIntegral::init(voigt1P_Int[Mmm]) using numeric integrator RooIntegrator1D to calculate Int(Mmm)
[#1] INFO:NumericIntegration -- RooRealIntegral::init(voigt2P_Int[Mmm]) using numeric integrator RooIntegrator1D to calculate Int(Mmm)
[#1] INFO:NumericIntegration -- RooRealIntegral::init(expP_Int[Mmm]) using numeric integrator RooIntegrator1D to calculate Int(Mmm)
[#1] INFO:Plotting -- RooAbsPdf::plotOn(sigmodelP) directly selected PDF components: (expP)
[#1] INFO:Plotting -- RooAbsPdf::plotOn(sigmodelP) indirectly selected PDF components: ()
[#1] INFO:NumericIntegration -- RooRealIntegral::init(voigt1P_Int[Mmm]) using numeric integrator RooIntegrator1D to calculate Int(Mmm)
[#1] INFO:NumericIntegration -- RooRealIntegral::init(voigt2P_Int[Mmm]) using numeric integrator RooIntegrator1D to calculate Int(Mmm)
[#1] INFO:NumericIntegration -- RooRealIntegral::init(expP_Int[Mmm]) using numeric integrator RooIntegrator1D to calculate Int(Mmm)
[#1] INFO:Minization -- p.d.f. provides expected number of events, including extended term in likelihood.
[#1] INFO:NumericIntegration -- RooRealIntegral::init(voigt1F_Int[Mmm]) using numeric integrator RooIntegrator1D to calculate Int(Mmm)
[#1] INFO:NumericIntegration -- RooRealIntegral::init(voigt2F_Int[Mmm]) using numeric integrator RooIntegrator1D to calculate Int(Mmm)
[#1] INFO:NumericIntegration -- RooRealIntegral::init(expF_Int[Mmm]) using numeric integrator RooIntegrator1D to calculate Int(Mmm)
[#1] INFO:Minization -- RooMinimizer::optimizeConst: activating const optimization
[#1] INFO:NumericIntegration -- RooRealIntegral::init(voigt1F_Int[Mmm]) using numeric integrator RooIntegrator1D to calculate Int(Mmm)
[#1] INFO:NumericIntegration -- RooRealIntegral::init(voigt2F_Int[Mmm]) using numeric integrator RooIntegrator1D to calculate Int(Mmm)
[#1] INFO:NumericIntegration -- RooRealIntegral::init(expF_Int[Mmm]) using numeric integrator RooIntegrator1D to calculate Int(Mmm)
[#1] INFO:Minization --  The following expressions will be evaluated in cache-and-track mode: (voigt1F,voigt2F,expF)
[#1] INFO:Minization -- RooMinimizerFcn::synchronize: set of constant parameters changed, rerunning const optimizer
[#1] INFO:NumericIntegration -- RooRealIntegral::init(voigt1F_Int[Mmm]) using numeric integrator RooIntegrator1D to calculate Int(Mmm)
[#1] INFO:NumericIntegration -- RooRealIntegral::init(voigt2F_Int[Mmm]) using numeric integrator RooIntegrator1D to calculate Int(Mmm)
[#1] INFO:NumericIntegration -- RooRealIntegral::init(expF_Int[Mmm]) using numeric integrator RooIntegrator1D to calculate Int(Mmm)
[#1] INFO:Minization --  The following expressions will be evaluated in cache-and-track mode: (voigt1F,voigt2F,expF)
 **********
 **   13 **SET PRINT           1
 **********
 **********
 **   14 **SET NOGRAD
 **********
 PARAMETER DEFINITIONS:
    NO.   NAME         VALUE      STEP SIZE      LIMITS
     1 alphaF       1.00000e+02  1.10000e+01    5.00000e+01  1.60000e+02
     2 betaF        1.00000e-01  1.50000e-02    5.00000e-02  2.00000e-01
     3 frac3F       0.00000e+00  1.00000e+05    0.00000e+00  1.00000e+06
 MINUIT WARNING IN PARAM DEF
 ============== STARTING VALUE IS AT LIMIT.
 MINUIT WARNING IN PARAMETR
 ============== VARIABLE3 IS AT ITS LOWER ALLOWED LIMIT.
 MINUIT WARNING IN PARAMETR
 ============== VARIABLE3 BROUGHT BACK INSIDE LIMITS.
     4 fracSF       5.00000e-01  1.00000e-01    0.00000e+00  1.00000e+00
     5 gammaF       1.00000e-02  3.00000e-01   -2.00000e+00  1.00000e+00
     6 mean1F       9.00000e+01  2.50000e+00    8.00000e+01  1.05000e+02
     7 mean2F       9.00000e+01  2.50000e+00    8.00000e+01  1.05000e+02
     8 normSF       1.00000e+05  5.00000e+04    0.00000e+00  1.00000e+08
 MINUIT WARNING IN PARAM DEF
 ============== LIMITS ON PARAM8 TOO FAR APART.
 PARAMETER DEFINITIONS:
    NO.   NAME         VALUE      STEP SIZE      LIMITS
     9 peakF        9.00000e+01  9.00000e+00     no limits
 **********
 **   15 **FIX           9
 **********
 PARAMETER DEFINITIONS:
    NO.   NAME         VALUE      STEP SIZE      LIMITS
    10 sigma1F      1.00000e+00  5.00000e-01    0.00000e+00  5.00000e+00
    11 sigma2F      3.50000e+00  7.50000e-01    2.00000e+00  1.00000e+01
    12 width        2.49500e+00  2.49500e-01     no limits
 **********
 **   16 **FIX          12
 **********
 **********
 **   17 **SET ERR         0.5
 **********
 **********
 **   18 **SET PRINT           1
 **********
 **********
 **   19 **SET STR           1
 **********
 NOW USING STRATEGY  1: TRY TO BALANCE SPEED AGAINST RELIABILITY
 **********
 **   20 **MIGRAD        6000           1
 **********
 FIRST CALL TO USER FUNCTION AT NEW START POINT, WITH IFLAG=4.
 MINUIT WARNING IN MIGrad    
 ============== VARIABLE3 IS AT ITS LOWER ALLOWED LIMIT.
 START MIGRAD MINIMIZATION.  STRATEGY  1.  CONVERGENCE WHEN EDM .LT. 1.00e-03
 FCN=58798.7 FROM MIGRAD    STATUS=INITIATE      125 CALLS         126 TOTAL
                     EDM= unknown      STRATEGY= 1      NO ERROR MATRIX       
  EXT PARAMETER               CURRENT GUESS       STEP         FIRST   
  NO.   NAME      VALUE            ERROR          SIZE      DERIVATIVE 
   1  alphaF       5.00292e+01   1.10000e+01   0.00000e+00   1.73288e-03
   2  betaF        1.00000e-01   1.50000e-02   0.00000e+00  -2.09092e-03
   3  frac3F       9.53674e-01   1.00000e+05   0.00000e+00   5.85569e+02
   4  fracSF       5.00000e-01   1.00000e-01   0.00000e+00   1.50541e+00
   5  gammaF       3.80312e-01   3.00000e-01   0.00000e+00  -3.82573e-01
   6  mean1F       9.00000e+01   2.50000e+00   0.00000e+00   5.38300e+02
   7  mean2F       9.00000e+01   2.50000e+00   0.00000e+00   6.84031e+02
   8  normSF       1.00000e+05   5.00000e+04   0.00000e+00   3.00359e+06
   9  peakF        9.00000e+01     fixed    
  10  sigma1F      2.88701e+00   5.00000e-01   7.98931e-01   7.91635e+00
  11  sigma2F      3.50000e+00   7.50000e-01   0.00000e+00  -2.70002e+01
  12  width        2.49500e+00     fixed    
                               ERR DEF= 0.5
 MIGRAD MINIMIZATION HAS CONVERGED.
 MIGRAD WILL VERIFY CONVERGENCE AND ERROR MATRIX.
 EIGENVALUES OF SECOND-DERIVATIVE MATRIX:
        -5.9583e-02 -1.5163e-02  4.3553e-02  2.5987e-01  3.1627e-01  8.0163e-01  1.0954e+00  1.7172e+00  2.2337e+00  3.6071e+00
 MINUIT WARNING IN HESSE   
 ============== MATRIX FORCED POS-DEF BY ADDING 0.063190 TO DIAGONAL.
 FCN=-21657.5 FROM HESSE     STATUS=NOT POSDEF     92 CALLS        1303 TOTAL
                     EDM=0.00676796    STRATEGY= 1      ERR MATRIX NOT POS-DEF
  EXT PARAMETER                APPROXIMATE        STEP         FIRST   
  NO.   NAME      VALUE            ERROR          SIZE      DERIVATIVE 
   1  alphaF       1.35827e+02   1.80458e+01   4.92377e-03   8.24074e-02
   2  betaF        5.07304e-02   9.19678e-02   8.63876e-03  -4.41699e-02
   3  frac3F       4.22264e+02   3.84186e+01   1.30818e-04  -2.52788e+00
   4  fracSF       1.93431e-01   5.08679e-02   5.75988e-03  -8.26158e-02
   5  gammaF       4.05479e-01   7.43207e-02   9.24959e-04   6.46212e-01
   6  mean1F       9.13657e+01   2.45772e-01   1.44706e-03  -3.41900e-01
   7  mean2F       8.94196e+01   1.49702e-01   6.87875e-04  -5.44670e-01
   8  normSF       4.54874e+03   7.28588e+01   1.03549e-05   8.55120e+00
   9  peakF        9.00000e+01     fixed    
  10  sigma1F      1.12629e+00   3.56594e-01   1.14152e-02  -1.46849e-02
  11  sigma2F      3.20328e+00   1.07933e-01   2.83063e-03  -1.36989e-01
  12  width        2.49500e+00     fixed    
                               ERR DEF= 0.5
 MIGRAD MINIMIZATION HAS CONVERGED.
 MIGRAD WILL VERIFY CONVERGENCE AND ERROR MATRIX.
 EIGENVALUES OF SECOND-DERIVATIVE MATRIX:
        -2.8092e-02 -1.4460e-02  4.3284e-02  2.6684e-01  3.1827e-01  8.0416e-01  1.0934e+00  1.7177e+00  2.2322e+00  3.5667e+00
 MINUIT WARNING IN HESSE   
 ============== MATRIX FORCED POS-DEF BY ADDING 0.031659 TO DIAGONAL.
 FCN=-21657.5 FROM MIGRAD    STATUS=CONVERGED    1658 CALLS        1659 TOTAL
                     EDM=0.000132543    STRATEGY= 1      ERR MATRIX NOT POS-DEF
  EXT PARAMETER                APPROXIMATE        STEP         FIRST   
  NO.   NAME      VALUE            ERROR          SIZE      DERIVATIVE 
   1  alphaF       1.34588e+02   2.10081e+01   4.55361e-03  -1.48217e-01
   2  betaF        5.29237e-02   1.12426e-02   4.35065e-03  -1.59810e-01
   3  frac3F       4.18373e+02   4.21278e+01   1.30314e-04   2.77490e+00
   4  fracSF       1.93799e-01   6.00054e-02   5.75053e-03  -6.89859e-03
   5  gammaF       4.27722e-01   8.17658e-02   9.62206e-04  -5.79410e-01
   6  mean1F       9.13634e+01   2.60236e-01   1.44678e-03  -4.61544e-02
   7  mean2F       8.94190e+01   1.70195e-01   6.87502e-04   1.00510e-02
   8  normSF       4.55263e+03   7.58103e+01   1.03507e-05  -8.24532e+00
   9  peakF        9.00000e+01     fixed    
  10  sigma1F      1.12900e+00   4.02691e-01   1.14022e-02  -2.27937e-03
  11  sigma2F      3.20682e+00   1.16192e-01   2.82836e-03  -3.55631e-02
  12  width        2.49500e+00     fixed    
                               ERR DEF= 0.5
 EXTERNAL ERROR MATRIX.    NDIM=  25    NPAR= 10    ERR DEF=0.5
  4.754e+02 -2.173e-01  3.015e+02  3.590e-02  2.934e-01  7.450e-02 -1.174e-01 -2.972e+02  1.241e-01 -1.685e-01 
 -2.173e-01  1.378e-04 -1.694e-01 -3.066e-05 -6.240e-04 -2.493e-05  1.132e-04  1.670e-01 -1.087e-04  7.313e-05 
  3.015e+02 -1.694e-01  1.775e+03 -3.236e-01  1.072e+00  1.149e+00  1.616e+00 -1.347e+03 -1.241e+00 -1.750e+00 
  3.590e-02 -3.066e-05 -3.236e-01  3.629e-03  6.860e-05 -5.899e-03 -8.220e-03  3.197e-01  1.964e-02  3.356e-03 
  2.934e-01 -6.240e-04  1.072e+00  6.860e-05  6.696e-03  3.678e-04 -1.583e-04 -1.057e+00  2.229e-04 -7.264e-04 
  7.450e-02 -2.493e-05  1.149e+00 -5.899e-03  3.678e-04  6.773e-02  1.629e-04 -1.135e+00 -3.071e-02 -1.774e-02 
 -1.174e-01  1.132e-04  1.616e+00 -8.220e-03 -1.583e-04  1.629e-04  2.897e-02 -1.596e+00 -4.347e-02 -6.077e-03 
 -2.972e+02  1.670e-01 -1.347e+03  3.197e-01 -1.057e+00 -1.135e+00 -1.596e+00  5.747e+03  1.226e+00  1.728e+00 
  1.241e-01 -1.087e-04 -1.241e+00  1.964e-02  2.229e-04 -3.071e-02 -4.347e-02  1.226e+00  1.642e-01  1.215e-02 
 -1.685e-01  7.313e-05 -1.750e+00  3.356e-03 -7.264e-04 -1.774e-02 -6.077e-03  1.728e+00  1.215e-02  1.351e-02 
ERR MATRIX NOT POS-DEF
 PARAMETER  CORRELATION COEFFICIENTS  
       NO.  GLOBAL      1      2      3      4      5      6      7      8     10     11
        1  0.99557   1.000 -0.849  0.328  0.027  0.164  0.013 -0.032 -0.180  0.014 -0.067
        2  0.99724  -0.849  1.000 -0.343 -0.043 -0.650 -0.008  0.057  0.188 -0.023  0.054
        3  0.79033   0.328 -0.343  1.000 -0.128  0.311  0.105  0.225 -0.422 -0.073 -0.357
        4  0.93079   0.027 -0.043 -0.128  1.000  0.014 -0.376 -0.802  0.070  0.805  0.479
        5  0.99090   0.164 -0.650  0.311  0.014  1.000  0.017 -0.011 -0.170  0.007 -0.076
        6  0.74196   0.013 -0.008  0.105 -0.376  0.017  1.000  0.004 -0.058 -0.291 -0.587
        7  0.88051  -0.032  0.057  0.225 -0.802 -0.011  0.004  1.000 -0.124 -0.630 -0.307
        8  0.45115  -0.180  0.188 -0.422  0.070 -0.170 -0.058 -0.124  1.000  0.040  0.196
       10  0.82166   0.014 -0.023 -0.073  0.805  0.007 -0.291 -0.630  0.040  1.000  0.258
       11  0.73789  -0.067  0.054 -0.357  0.479 -0.076 -0.587 -0.307  0.196  0.258  1.000
 ERR MATRIX NOT POS-DEF
 **********
 **   21 **HESSE        6000
 **********
 EIGENVALUES OF SECOND-DERIVATIVE MATRIX:
        -2.0492e-03  1.0905e-04  4.3727e-02  2.6600e-01  3.1973e-01  8.0644e-01  1.0935e+00  1.7183e+00  2.2259e+00  3.5283e+00
 MINUIT WARNING IN HESSE   
 ============== MATRIX FORCED POS-DEF BY ADDING 0.005578 TO DIAGONAL.
 FCN=-21657.5 FROM HESSE     STATUS=NOT POSDEF     86 CALLS        1745 TOTAL
                     EDM=0.000241439    STRATEGY= 1      ERR MATRIX NOT POS-DEF
  EXT PARAMETER                APPROXIMATE     INTERNAL      INTERNAL  
  NO.   NAME      VALUE            ERROR       STEP SIZE       VALUE   
   1  alphaF       1.34588e+02   2.69726e+01   9.10721e-04   5.68023e-01
   2  betaF        5.29237e-02   9.72501e-03   1.74026e-04   1.12757e+01
   3  frac3F       4.18373e+02   4.47975e+01   2.60627e-05  -1.52989e+00
   4  fracSF       1.93799e-01   7.30508e-02   2.30021e-04  -6.59094e-01
   5  gammaF       4.27722e-01   1.31034e-01   3.84882e-05   2.47478e+00
   6  mean1F       9.13634e+01   2.71601e-01   5.78714e-05  -9.10554e-02
   7  mean2F       8.94190e+01   2.05060e-01   2.75001e-05  -2.49047e-01
   8  normSF       4.55263e+03   7.81691e+01   2.07014e-06  -1.55730e+00
   9  peakF        9.00000e+01     fixed    
  10  sigma1F      1.12900e+00   4.70441e-01   4.56087e-04  -5.80449e-01
  11  sigma2F      3.20682e+00   1.25744e-01   1.13134e-04  -7.73012e-01
  12  width        2.49500e+00     fixed    
                               ERR DEF= 0.5
 EXTERNAL ERROR MATRIX.    NDIM=  25    NPAR= 10    ERR DEF=0.5
  8.287e+02 -1.729e-01  2.895e+02  2.707e-03 -2.176e+00  1.358e-01  2.173e-02 -2.888e+02 -5.215e-04 -2.286e-01 
 -1.729e-01  1.025e-04 -1.576e-01 -1.737e-05 -4.091e-04 -5.359e-05  4.991e-05  1.572e-01 -7.089e-05  9.990e-05 
  2.895e+02 -1.576e-01  2.007e+03 -6.496e-01  1.068e+00  1.680e+00  2.606e+00 -1.586e+03 -2.958e+00 -2.302e+00 
  2.707e-03 -1.737e-05 -6.496e-01  5.398e-03 -4.816e-05 -7.796e-03 -1.294e-02  6.481e-01  2.990e-02  5.014e-03 
 -2.176e+00 -4.091e-04  1.068e+00 -4.816e-05  1.724e-02  6.060e-04  2.786e-04 -1.066e+00 -2.555e-04 -9.524e-04 
  1.358e-01 -5.359e-05  1.680e+00 -7.796e-03  6.060e-04  7.378e-02  4.182e-03 -1.676e+00 -4.202e-02 -2.078e-02 
  2.173e-02  4.991e-05  2.606e+00 -1.294e-02  2.786e-04  4.182e-03  4.205e-02 -2.600e+00 -7.057e-02 -1.036e-02 
 -2.888e+02  1.572e-01 -1.586e+03  6.481e-01 -1.066e+00 -1.676e+00 -2.600e+00  6.110e+03  2.951e+00  2.297e+00 
 -5.215e-04 -7.089e-05 -2.958e+00  2.990e-02 -2.555e-04 -4.202e-02 -7.057e-02  2.951e+00  2.252e-01  2.145e-02 
 -2.286e-01  9.990e-05 -2.302e+00  5.014e-03 -9.524e-04 -2.078e-02 -1.036e-02  2.297e+00  2.145e-02  1.582e-02 
ERR MATRIX NOT POS-DEF
 PARAMETER  CORRELATION COEFFICIENTS  
       NO.  GLOBAL      1      2      3      4      5      6      7      8     10     11
        1  0.99740   1.000 -0.593  0.225  0.001 -0.576  0.017  0.004 -0.128 -0.000 -0.063
        2  0.99618  -0.593  1.000 -0.347 -0.023 -0.308 -0.019  0.024  0.199 -0.015  0.078
        3  0.81205   0.225 -0.347  1.000 -0.197  0.182  0.138  0.284 -0.453 -0.139 -0.409
        4  0.95281   0.001 -0.023 -0.197  1.000 -0.005 -0.391 -0.859  0.113  0.858  0.543
        5  0.99638  -0.576 -0.308  0.182 -0.005  1.000  0.017  0.010 -0.104 -0.004 -0.058
        6  0.75937   0.017 -0.019  0.138 -0.391  0.017  1.000  0.075 -0.079 -0.326 -0.608
        7  0.91717   0.004  0.024  0.284 -0.859  0.010  0.075  1.000 -0.162 -0.725 -0.402
        8  0.48109  -0.128  0.199 -0.453  0.113 -0.104 -0.079 -0.162  1.000  0.080  0.234
       10  0.87004  -0.000 -0.015 -0.139  0.858 -0.004 -0.326 -0.725  0.080  1.000  0.359
       11  0.77525  -0.063  0.078 -0.409  0.543 -0.058 -0.608 -0.402  0.234  0.359  1.000
 ERR MATRIX NOT POS-DEF
[#1] INFO:Minization -- RooMinimizerFcn::synchronize: set of constant parameters changed, rerunning const optimizer
[#1] INFO:NumericIntegration -- RooRealIntegral::init(voigt1F_Int[Mmm]) using numeric integrator RooIntegrator1D to calculate Int(Mmm)
[#1] INFO:NumericIntegration -- RooRealIntegral::init(voigt2F_Int[Mmm]) using numeric integrator RooIntegrator1D to calculate Int(Mmm)
[#1] INFO:NumericIntegration -- RooRealIntegral::init(expF_Int[Mmm]) using numeric integrator RooIntegrator1D to calculate Int(Mmm)
[#1] INFO:Minization --  The following expressions will be evaluated in cache-and-track mode: (voigt1F,voigt2F,expF)
 **********
 **   22 **SET ERR         0.5
 **********
 **********
 **   23 **SET PRINT           1
 **********
 **********
 **   24 **HESSE        6000
 **********
 EIGENVALUES OF SECOND-DERIVATIVE MATRIX:
        -2.1009e-04  1.0433e-03  4.3733e-02  2.6592e-01  3.1976e-01  8.0653e-01  1.0935e+00  1.7183e+00  2.2257e+00  3.5257e+00
 MINUIT WARNING IN HESSE   
 ============== MATRIX FORCED POS-DEF BY ADDING 0.003736 TO DIAGONAL.
 FCN=-21657.5 FROM HESSE     STATUS=NOT POSDEF     86 CALLS        1831 TOTAL
                     EDM=0.000298192    STRATEGY= 1      ERR MATRIX NOT POS-DEF
  EXT PARAMETER                APPROXIMATE     INTERNAL      INTERNAL  
  NO.   NAME      VALUE            ERROR       STEP SIZE       VALUE   
   1  alphaF       1.34588e+02   2.64620e+01   1.82144e-04   5.68023e-01
   2  betaF        5.29237e-02   9.91221e-03   3.48052e-05   1.12757e+01
   3  frac3F       4.18373e+02   4.53164e+01   5.21255e-06  -1.52989e+00
   4  fracSF       1.93799e-01   7.43820e-02   4.60043e-05  -6.59094e-01
   5  gammaF       4.27722e-01   1.47181e-01   7.69765e-06   2.47478e+00
   6  mean1F       9.13634e+01   2.72811e-01   1.15743e-05  -9.10554e-02
   7  mean2F       8.94190e+01   2.08498e-01   5.50002e-06  -2.49047e-01
   8  normSF       4.55263e+03   7.85342e+01   4.14028e-07  -1.55730e+00
   9  peakF        9.00000e+01     fixed    
  10  sigma1F      1.12900e+00   4.77388e-01   9.12174e-05  -5.80449e-01
  11  sigma2F      3.20682e+00   1.26815e-01   2.26269e-05  -7.73012e-01
  12  width        2.49500e+00     fixed    
                               ERR DEF= 0.5
 EXTERNAL ERROR MATRIX.    NDIM=  25    NPAR= 10    ERR DEF=0.5
  7.931e+02 -1.388e-01  2.422e+02 -9.518e-03 -2.427e+00  1.302e-01  6.227e-02 -2.418e+02 -5.301e-02 -2.095e-01 
 -1.388e-01  1.068e-04 -1.702e-01 -1.633e-05 -6.513e-04 -6.253e-05  4.481e-05  1.699e-01 -6.646e-05  1.125e-04 
  2.422e+02 -1.702e-01  2.054e+03 -6.868e-01  1.498e+00  1.753e+00  2.714e+00 -1.634e+03 -3.161e+00 -2.379e+00 
 -9.518e-03 -1.633e-05 -6.868e-01  5.599e-03 -1.010e-05 -8.049e-03 -1.347e-02  6.857e-01  3.106e-02  5.211e-03 
 -2.427e+00 -6.513e-04  1.498e+00 -1.010e-05  2.178e-02  7.765e-04  1.670e-04 -1.496e+00 -1.082e-04 -1.243e-03 
  1.302e-01 -6.253e-05  1.753e+00 -8.049e-03  7.765e-04  7.444e-02  4.753e-03 -1.751e+00 -4.348e-02 -2.115e-02 
  6.227e-02  4.481e-05  2.714e+00 -1.347e-02  1.670e-04  4.753e-03  4.348e-02 -2.710e+00 -7.359e-02 -1.086e-02 
 -2.418e+02  1.699e-01 -1.634e+03  6.857e-01 -1.496e+00 -1.751e+00 -2.710e+00  6.168e+03  3.156e+00  2.375e+00 
 -5.301e-02 -6.646e-05 -3.161e+00  3.106e-02 -1.082e-04 -4.348e-02 -7.359e-02  3.156e+00  2.320e-01  2.255e-02 
 -2.095e-01  1.125e-04 -2.379e+00  5.211e-03 -1.243e-03 -2.115e-02 -1.086e-02  2.375e+00  2.255e-02  1.609e-02 
ERR MATRIX NOT POS-DEF
 PARAMETER  CORRELATION COEFFICIENTS  
       NO.  GLOBAL      1      2      3      4      5      6      7      8     10     11
        1  0.99727   1.000 -0.477  0.190 -0.005 -0.584  0.017  0.011 -0.109 -0.004 -0.059
        2  0.99633  -0.477  1.000 -0.363 -0.021 -0.427 -0.022  0.021  0.209 -0.013  0.086
        3  0.81643   0.190 -0.363  1.000 -0.203  0.224  0.142  0.287 -0.459 -0.145 -0.414
        4  0.95446  -0.005 -0.021 -0.203  1.000 -0.001 -0.394 -0.863  0.117  0.862  0.549
        5  0.99713  -0.584 -0.427  0.224 -0.001  1.000  0.019  0.005 -0.129 -0.002 -0.066
        6  0.76132   0.017 -0.022  0.142 -0.394  0.019  1.000  0.084 -0.082 -0.331 -0.611
        7  0.91984   0.011  0.021  0.287 -0.863  0.005  0.084  1.000 -0.166 -0.733 -0.411
        8  0.48701  -0.109  0.209 -0.459  0.117 -0.129 -0.082 -0.166  1.000  0.083  0.238
