[#1] INFO:DataHandling -- RooDataHist::adjustBinning(dh_pass): fit range of variable Mmm expanded to nearest bin boundaries: [65.0000000000,115.0000000000] --> [65.0000000000,115.0000000000]
[#1] INFO:DataHandling -- RooDataHist::adjustBinning(dh_fail): fit range of variable Mmm expanded to nearest bin boundaries: [65.0000000000,115.0000000000] --> [65.0000000000,115.0000000000]
[#1] INFO:Minization -- p.d.f. provides expected number of events, including extended term in likelihood.
[#1] INFO:NumericIntegration -- RooRealIntegral::init(voigt1P_Int[Mmm]) using numeric integrator RooIntegrator1D to calculate Int(Mmm)
[#1] INFO:NumericIntegration -- RooRealIntegral::init(voigt2P_Int[Mmm]) using numeric integrator RooIntegrator1D to calculate Int(Mmm)
[#1] INFO:Minization -- RooMinimizer::optimizeConst: activating const optimization
[#1] INFO:NumericIntegration -- RooRealIntegral::init(voigt1P_Int[Mmm]) using numeric integrator RooIntegrator1D to calculate Int(Mmm)
[#1] INFO:NumericIntegration -- RooRealIntegral::init(voigt2P_Int[Mmm]) using numeric integrator RooIntegrator1D to calculate Int(Mmm)
[#1] INFO:Minization --  The following expressions will be evaluated in cache-and-track mode: (voigt1P,voigt2P,expP)
[#1] INFO:Minization -- RooMinimizerFcn::synchronize: set of constant parameters changed, rerunning const optimizer
[#1] INFO:NumericIntegration -- RooRealIntegral::init(voigt1P_Int[Mmm]) using numeric integrator RooIntegrator1D to calculate Int(Mmm)
[#1] INFO:NumericIntegration -- RooRealIntegral::init(voigt2P_Int[Mmm]) using numeric integrator RooIntegrator1D to calculate Int(Mmm)
[#1] INFO:Minization --  The following expressions will be evaluated in cache-and-track mode: (voigt1P,voigt2P,expP)
 **********
 **    1 **SET PRINT           1
 **********
 **********
 **    2 **SET NOGRAD
 **********
 PARAMETER DEFINITIONS:
    NO.   NAME         VALUE      STEP SIZE      LIMITS
     1 frac3P       0.00000e+00  1.00000e+05    0.00000e+00  1.00000e+06
 MINUIT WARNING IN PARAM DEF
 ============== STARTING VALUE IS AT LIMIT.
 MINUIT WARNING IN PARAMETR
 ============== VARIABLE1 IS AT ITS LOWER ALLOWED LIMIT.
 MINUIT WARNING IN PARAMETR
 ============== VARIABLE1 BROUGHT BACK INSIDE LIMITS.
     2 fracSP       5.00000e-01  1.00000e-01    0.00000e+00  1.00000e+00
     3 lpP          0.00000e+00  2.10000e-01   -1.00000e+00  1.10000e+00
     4 mean1P       9.00000e+01  2.50000e+00    8.00000e+01  1.05000e+02
     5 mean2P       9.00000e+01  2.50000e+00    8.00000e+01  1.05000e+02
     6 normSP       1.00000e+05  5.00000e+04    0.00000e+00  1.00000e+08
 MINUIT WARNING IN PARAM DEF
 ============== LIMITS ON PARAM6 TOO FAR APART.
 PARAMETER DEFINITIONS:
    NO.   NAME         VALUE      STEP SIZE      LIMITS
     7 sigma1P      2.00000e+00  5.00000e-01    0.00000e+00  5.00000e+00
     8 sigma2P      4.00000e+00  8.00000e-01    2.00000e+00  1.00000e+01
     9 width        2.49500e+00  2.49500e-01     no limits
 **********
 **    3 **FIX           9
 **********
 **********
 **    4 **SET ERR         0.5
 **********
 **********
 **    5 **SET PRINT           1
 **********
 **********
 **    6 **SET STR           1
 **********
 NOW USING STRATEGY  1: TRY TO BALANCE SPEED AGAINST RELIABILITY
 **********
 **    7 **MIGRAD        4500           1
 **********
 FIRST CALL TO USER FUNCTION AT NEW START POINT, WITH IFLAG=4.
 MINUIT WARNING IN MIGrad    
 ============== VARIABLE1 IS AT ITS LOWER ALLOWED LIMIT.
 START MIGRAD MINIMIZATION.  STRATEGY  1.  CONVERGENCE WHEN EDM .LT. 1.00e-03
 FCN=98852.1 FROM MIGRAD    STATUS=INITIATE       34 CALLS          35 TOTAL
                     EDM= unknown      STRATEGY= 1      NO ERROR MATRIX       
  EXT PARAMETER               CURRENT GUESS       STEP         FIRST   
  NO.   NAME      VALUE            ERROR          SIZE      DERIVATIVE 
   1  frac3P       9.53674e-01   1.00000e+05   3.20776e-01   9.74509e+02
   2  fracSP       5.00000e-01   1.00000e-01   2.01358e-01  -2.43778e-01
   3  lpP          0.00000e+00   2.10000e-01   2.01599e-01   1.82321e-03
   4  mean1P       9.00000e+01   2.50000e+00   2.05758e-01   4.59892e+01
   5  mean2P       9.00000e+01   2.50000e+00   2.05758e-01   3.46517e+01
   6  normSP       1.00000e+05   5.00000e+04   1.63770e-02   3.15637e+06
   7  sigma1P      2.00000e+00   5.00000e-01   2.05758e-01   2.28406e-02
   8  sigma2P      4.00000e+00   8.00000e-01   2.35352e-01  -4.77680e-01
   9  width        2.49500e+00     fixed    
                               ERR DEF= 0.5
 MIGRAD MINIMIZATION HAS CONVERGED.
 FCN=-114.487 FROM MIGRAD    STATUS=CONVERGED     421 CALLS         422 TOTAL
                     EDM=6.2167e-05    STRATEGY= 1  ERROR MATRIX UNCERTAINTY   0.5 per cent
  EXT PARAMETER                                   STEP         FIRST   
  NO.   NAME      VALUE            ERROR          SIZE      DERIVATIVE 
   1  frac3P       9.10383e-09   5.01142e-01  -6.28587e-07** at limit **
   2  fracSP       8.79020e-01   1.15944e-01  -7.37021e-03   1.41361e-02
   3  lpP         -4.69762e-01   1.72549e+00  -8.62742e-05  -6.93694e-09
   4  mean1P       8.93652e+01   3.75921e-01   2.65479e-05   1.51163e-01
   5  mean2P       8.16366e+01   1.61197e+01   4.72154e-02  -2.27550e-03
   6  normSP       1.37062e+02   1.13802e+01   1.36977e-06   5.32609e+01
   7  sigma1P      2.43740e+00   5.19428e-01  -3.83089e-03  -2.26481e-02
   8  sigma2P      9.99927e+00   7.68671e+00  -2.68774e-02  -2.87479e-03
   9  width        2.49500e+00     fixed    
                               ERR DEF= 0.5
 EXTERNAL ERROR MATRIX.    NDIM=  25    NPAR=  8    ERR DEF=0.5
  1.820e-08  1.103e-07  5.085e-09 -2.033e-08 -1.472e-05  1.206e-08  3.328e-07  1.378e-08 
  1.103e-07  1.405e-02  4.836e-04 -2.516e-03 -1.149e+00 -1.144e-01  4.191e-02  2.321e-03 
  5.085e-09  4.836e-04  2.158e+02 -6.260e-05 -4.953e-02 -1.001e-02  1.591e-03 -6.571e-04 
 -2.033e-08 -2.516e-03 -6.260e-05  1.414e-01 -1.795e-01 -9.103e-02 -4.566e-03  7.726e-03 
 -1.472e-05 -1.149e+00 -4.953e-02 -1.795e-01  1.231e+02  1.044e+01 -3.646e+00 -2.130e-01 
  1.206e-08 -1.144e-01 -1.001e-02 -9.103e-02  1.044e+01  1.295e+02 -2.533e-01  1.863e-01 
  3.328e-07  4.191e-02  1.591e-03 -4.566e-03 -3.646e+00 -2.533e-01  2.738e-01  4.006e-03 
  1.378e-08  2.321e-03 -6.571e-04  7.726e-03 -2.130e-01  1.863e-01  4.006e-03  3.836e-02 
 PARAMETER  CORRELATION COEFFICIENTS  
       NO.  GLOBAL      1      2      3      4      5      6      7      8
        1  0.01060   1.000  0.007  0.000 -0.000 -0.010  0.000  0.005  0.001
        2  0.89322   0.007  1.000  0.000 -0.056 -0.874 -0.085  0.676  0.100
        3  0.00040   0.000  0.000  1.000 -0.000 -0.000 -0.000  0.000 -0.000
        4  0.22746  -0.000 -0.056 -0.000  1.000 -0.043 -0.021 -0.023  0.105
        5  0.87988  -0.010 -0.874 -0.000 -0.043  1.000  0.083 -0.628 -0.098
        6  0.13398   0.000 -0.085 -0.000 -0.021  0.083  1.000 -0.043  0.084
        7  0.68110   0.005  0.676  0.000 -0.023 -0.628 -0.043  1.000  0.039
        8  0.18229   0.001  0.100 -0.000  0.105 -0.098  0.084  0.039  1.000
[#1] INFO:Minization -- RooMinimizerFcn::synchronize: set of constant parameters changed, rerunning const optimizer
[#1] INFO:NumericIntegration -- RooRealIntegral::init(voigt1P_Int[Mmm]) using numeric integrator RooIntegrator1D to calculate Int(Mmm)
[#1] INFO:NumericIntegration -- RooRealIntegral::init(voigt2P_Int[Mmm]) using numeric integrator RooIntegrator1D to calculate Int(Mmm)
[#1] INFO:Minization --  The following expressions will be evaluated in cache-and-track mode: (voigt1P,voigt2P,expP)
 **********
 **    8 **SET ERR         0.5
 **********
 **********
 **    9 **SET PRINT           1
 **********
 **********
 **   10 **HESSE        4500
 **********
 MINUIT WARNING IN HESSE   
 ============== Negative diagonal element 3 in Error Matrix
 MINUIT WARNING IN HESSE   
 ============== 1 added to diagonal of error matrix
 COVARIANCE MATRIX CALCULATED SUCCESSFULLY
 FCN=-114.487 FROM HESSE     STATUS=OK             63 CALLS         485 TOTAL
                     EDM=7.80129e-05    STRATEGY= 1      ERROR MATRIX ACCURATE 
  EXT PARAMETER                                INTERNAL      INTERNAL  
  NO.   NAME      VALUE            ERROR       STEP SIZE       VALUE   
   1  frac3P       9.10383e-09   1.27872e+00   1.66157e-05  -1.57080e+00
                                 WARNING -   - ABOVE PARAMETER IS AT LIMIT.
   2  fracSP       8.79020e-01   7.54962e-02   1.21453e-03   8.60303e-01
   3  lpP         -4.69762e-01   1.31438e+00   5.00000e-01  -5.17848e-01
   4  mean1P       8.93652e+01   3.64106e-01   2.19329e-04  -2.53494e-01
   5  mean2P       8.16366e+01   4.63947e+00   6.74446e-03  -1.05333e+00
   6  normSP       1.37062e+02   1.17087e+01   7.47898e-07  -1.56845e+00
   7  sigma1P      2.43740e+00   4.32835e-01   1.15616e-03  -2.50415e-02
   8  sigma2P      9.99927e+00   1.61622e+00   1.96656e-02   1.55163e+00
   9  width        2.49500e+00     fixed    
                               ERR DEF= 0.5
 EXTERNAL ERROR MATRIX.    NDIM=  25    NPAR=  8    ERR DEF=0.5
  4.644e-08  1.011e-08  1.738e-06 -2.356e-08  1.205e-06 -1.204e-06  1.418e-08 -1.379e-10 
  1.011e-08  5.805e-03  3.786e-07 -2.361e-03 -2.651e-01 -2.623e-07  1.527e-02 -7.611e-06 
  1.738e-06  3.786e-07  8.324e-01 -8.817e-07  4.507e-05 -4.508e-05  5.309e-07 -5.162e-09 
 -2.356e-08 -2.361e-03 -8.817e-07  1.326e-01 -1.144e-01  6.110e-07 -6.554e-03 -6.199e-05 
  1.205e-06 -2.651e-01  4.507e-05 -1.144e-01  2.753e+01 -3.124e-05 -7.921e-01  5.882e-04 
 -1.204e-06 -2.623e-07 -4.508e-05  6.110e-07 -3.124e-05  1.371e+02 -3.678e-07  3.577e-09 
  1.418e-08  1.527e-02  5.309e-07 -6.554e-03 -7.921e-01 -3.678e-07  1.892e-01 -1.928e-05 
 -1.379e-10 -7.611e-06 -5.162e-09 -6.199e-05  5.882e-04  3.577e-09 -1.928e-05  5.107e-03 
 PARAMETER  CORRELATION COEFFICIENTS  
       NO.  GLOBAL      1      2      3      4      5      6      7      8
        1  0.00909   1.000  0.001  0.009 -0.000  0.001 -0.000  0.000 -0.000
        2  0.71553   0.001  1.000  0.000 -0.085 -0.663 -0.000  0.461 -0.001
        3  0.00884   0.009  0.000  1.000 -0.000  0.000 -0.000  0.000 -0.000
        4  0.17759  -0.000 -0.085 -0.000  1.000 -0.060  0.000 -0.041 -0.002
        5  0.67495   0.001 -0.663  0.000 -0.060  1.000 -0.000 -0.347  0.002
        6  0.00048  -0.000 -0.000 -0.000  0.000 -0.000  1.000 -0.000  0.000
        7  0.46410   0.000  0.461  0.000 -0.041 -0.347 -0.000  1.000 -0.001
        8  0.00291  -0.000 -0.001 -0.000 -0.002  0.002  0.000 -0.001  1.000
[#1] INFO:Minization -- RooMinimizer::optimizeConst: deactivating const optimization
[#1] INFO:NumericIntegration -- RooRealIntegral::init(voigt1P_Int[Mmm]) using numeric integrator RooIntegrator1D to calculate Int(Mmm)
[#1] INFO:NumericIntegration -- RooRealIntegral::init(voigt2P_Int[Mmm]) using numeric integrator RooIntegrator1D to calculate Int(Mmm)
[#1] INFO:Plotting -- RooAbsPdf::plotOn(sigmodelP) directly selected PDF components: (expP)
[#1] INFO:Plotting -- RooAbsPdf::plotOn(sigmodelP) indirectly selected PDF components: ()
[#1] INFO:NumericIntegration -- RooRealIntegral::init(voigt1P_Int[Mmm]) using numeric integrator RooIntegrator1D to calculate Int(Mmm)
[#1] INFO:NumericIntegration -- RooRealIntegral::init(voigt2P_Int[Mmm]) using numeric integrator RooIntegrator1D to calculate Int(Mmm)
[#1] INFO:Minization -- p.d.f. provides expected number of events, including extended term in likelihood.
[#1] INFO:NumericIntegration -- RooRealIntegral::init(voigt1F_Int[Mmm]) using numeric integrator RooIntegrator1D to calculate Int(Mmm)
[#1] INFO:NumericIntegration -- RooRealIntegral::init(voigt2F_Int[Mmm]) using numeric integrator RooIntegrator1D to calculate Int(Mmm)
[#1] INFO:Minization -- RooMinimizer::optimizeConst: activating const optimization
[#1] INFO:NumericIntegration -- RooRealIntegral::init(voigt1F_Int[Mmm]) using numeric integrator RooIntegrator1D to calculate Int(Mmm)
[#1] INFO:NumericIntegration -- RooRealIntegral::init(voigt2F_Int[Mmm]) using numeric integrator RooIntegrator1D to calculate Int(Mmm)
[#1] INFO:Minization --  The following expressions will be evaluated in cache-and-track mode: (voigt1F,voigt2F,expF)
[#1] INFO:Minization -- RooMinimizerFcn::synchronize: set of constant parameters changed, rerunning const optimizer
[#1] INFO:NumericIntegration -- RooRealIntegral::init(voigt1F_Int[Mmm]) using numeric integrator RooIntegrator1D to calculate Int(Mmm)
[#1] INFO:NumericIntegration -- RooRealIntegral::init(voigt2F_Int[Mmm]) using numeric integrator RooIntegrator1D to calculate Int(Mmm)
[#1] INFO:Minization --  The following expressions will be evaluated in cache-and-track mode: (voigt1F,voigt2F,expF)
 **********
 **   11 **SET PRINT           1
 **********
 **********
 **   12 **SET NOGRAD
 **********
 PARAMETER DEFINITIONS:
    NO.   NAME         VALUE      STEP SIZE      LIMITS
     1 frac3F       0.00000e+00  1.00000e+05    0.00000e+00  1.00000e+06
 MINUIT WARNING IN PARAM DEF
 ============== STARTING VALUE IS AT LIMIT.
 MINUIT WARNING IN PARAMETR
 ============== VARIABLE1 IS AT ITS LOWER ALLOWED LIMIT.
 MINUIT WARNING IN PARAMETR
 ============== VARIABLE1 BROUGHT BACK INSIDE LIMITS.
     2 fracSF       5.00000e-01  1.00000e-01    0.00000e+00  1.00000e+00
     3 lpF         -1.00000e-01  2.10000e-01   -1.00000e+00  1.10000e+00
     4 mean1F       9.00000e+01  2.50000e+00    8.00000e+01  1.05000e+02
     5 mean2F       9.00000e+01  2.50000e+00    8.00000e+01  1.05000e+02
     6 normSF       1.00000e+05  5.00000e+04    0.00000e+00  1.00000e+08
 MINUIT WARNING IN PARAM DEF
 ============== LIMITS ON PARAM6 TOO FAR APART.
 PARAMETER DEFINITIONS:
    NO.   NAME         VALUE      STEP SIZE      LIMITS
     7 sigma1F      1.00000e+00  5.00000e-01    0.00000e+00  5.00000e+00
     8 sigma2F      3.50000e+00  7.50000e-01    2.00000e+00  1.00000e+01
     9 width        2.49500e+00  2.49500e-01     no limits
 **********
 **   13 **FIX           9
 **********
 **********
 **   14 **SET ERR         0.5
 **********
 **********
 **   15 **SET PRINT           1
 **********
 **********
 **   16 **SET STR           1
 **********
 NOW USING STRATEGY  1: TRY TO BALANCE SPEED AGAINST RELIABILITY
 **********
 **   17 **MIGRAD        4500           1
 **********
 FIRST CALL TO USER FUNCTION AT NEW START POINT, WITH IFLAG=4.
 MINUIT WARNING IN MIGrad    
 ============== VARIABLE1 IS AT ITS LOWER ALLOWED LIMIT.
 START MIGRAD MINIMIZATION.  STRATEGY  1.  CONVERGENCE WHEN EDM .LT. 1.00e-03
 FCN=74752.4 FROM MIGRAD    STATUS=INITIATE       34 CALLS          35 TOTAL
                     EDM= unknown      STRATEGY= 1      NO ERROR MATRIX       
  EXT PARAMETER               CURRENT GUESS       STEP         FIRST   
  NO.   NAME      VALUE            ERROR          SIZE      DERIVATIVE 
   1  frac3F       9.53674e-01   1.00000e+05   3.20776e-01   8.36581e+02
   2  fracSF       5.00000e-01   1.00000e-01   2.01358e-01   1.35892e+02
   3  lpF         -1.00000e-01   2.10000e-01   2.03565e-01   6.25873e-01
   4  mean1F       9.00000e+01   2.50000e+00   2.05758e-01   1.00232e+03
   5  mean2F       9.00000e+01   2.50000e+00   2.05758e-01   1.25392e+03
   6  normSF       1.00000e+05   5.00000e+04   1.63770e-02   3.06408e+06
   7  sigma1F      1.00000e+00   5.00000e-01   2.57889e-01  -1.02372e+02
   8  sigma2F      3.50000e+00   7.50000e-01   2.47806e-01  -1.81011e+02
   9  width        2.49500e+00     fixed    
                               ERR DEF= 0.5
 MIGRAD MINIMIZATION HAS CONVERGED.
 MIGRAD WILL VERIFY CONVERGENCE AND ERROR MATRIX.
 COVARIANCE MATRIX CALCULATED SUCCESSFULLY
 FCN=-11858.9 FROM MIGRAD    STATUS=CONVERGED     527 CALLS         528 TOTAL
                     EDM=1.63799e-05    STRATEGY= 1      ERROR MATRIX ACCURATE 
  EXT PARAMETER                                   STEP         FIRST   
  NO.   NAME      VALUE            ERROR          SIZE      DERIVATIVE 
   1  frac3F       2.30893e+02   5.84705e+01   1.06511e-04  -3.51637e-01
   2  fracSF       7.81109e-01   7.70545e-02   3.31450e-03   6.84212e-05
   3  lpF         -8.69038e-02   2.33904e-02   8.24624e-04   8.87328e-02
   4  mean1F       8.97830e+01   1.92373e-01   5.07618e-04  -1.75922e-01
   5  mean2F       8.52675e+01   1.47580e+00   3.08786e-03  -1.02700e-02
   6  normSF       2.82621e+03   7.75074e+01   7.67855e-06   2.05285e+01
   7  sigma1F      2.11752e+00   1.92455e-01   2.74903e-03  -3.27380e-03
   8  sigma2F      4.39724e+00   8.75624e-01   8.76718e-03  -1.64162e-02
   9  width        2.49500e+00     fixed    
                               ERR DEF= 0.5
 EXTERNAL ERROR MATRIX.    NDIM=  25    NPAR=  8    ERR DEF=0.5
  3.419e+03 -1.576e+00  1.185e+00  6.282e+00  4.027e+01 -3.184e+03 -5.473e+00 -3.747e+01 
 -1.576e+00  6.007e-03 -4.474e-04 -1.015e-02 -1.072e-01  1.575e+00  1.255e-02  1.776e-02 
  1.185e+00 -4.474e-04  5.472e-04  1.923e-03  1.217e-02 -1.184e+00 -1.773e-03 -1.227e-02 
  6.282e+00 -1.015e-02  1.923e-03  3.701e-02  1.678e-01 -6.277e+00 -2.762e-02 -1.231e-01 
  4.027e+01 -1.072e-01  1.217e-02  1.678e-01  2.193e+00 -4.024e+01 -2.210e-01 -3.435e-01 
 -3.184e+03  1.575e+00 -1.184e+00 -6.277e+00 -4.024e+01  6.007e+03  5.469e+00  3.744e+01 
 -5.473e+00  1.255e-02 -1.773e-03 -2.762e-02 -2.210e-01  5.469e+00  3.711e-02  7.601e-02 
 -3.747e+01  1.776e-02 -1.227e-02 -1.231e-01 -3.435e-01  3.744e+01  7.601e-02  7.818e-01 
 PARAMETER  CORRELATION COEFFICIENTS  
       NO.  GLOBAL      1      2      3      4      5      6      7      8
        1  0.92974   1.000 -0.348  0.867  0.558  0.465 -0.703 -0.486 -0.725
        2  0.97200  -0.348  1.000 -0.247 -0.681 -0.934  0.262  0.841  0.259
        3  0.87451   0.867 -0.247  1.000  0.427  0.351 -0.653 -0.394 -0.593
        4  0.90374   0.558 -0.681  0.427  1.000  0.589 -0.421 -0.745 -0.724
        5  0.95938   0.465 -0.934  0.351  0.589  1.000 -0.351 -0.775 -0.262
        6  0.71374  -0.703  0.262 -0.653 -0.421 -0.351  1.000  0.366  0.546
        7  0.88328  -0.486  0.841 -0.394 -0.745 -0.775  0.366  1.000  0.446
        8  0.87538  -0.725  0.259 -0.593 -0.724 -0.262  0.546  0.446  1.000
[#1] INFO:Minization -- RooMinimizerFcn::synchronize: set of constant parameters changed, rerunning const optimizer
[#1] INFO:NumericIntegration -- RooRealIntegral::init(voigt1F_Int[Mmm]) using numeric integrator RooIntegrator1D to calculate Int(Mmm)
[#1] INFO:NumericIntegration -- RooRealIntegral::init(voigt2F_Int[Mmm]) using numeric integrator RooIntegrator1D to calculate Int(Mmm)
[#1] INFO:Minization --  The following expressions will be evaluated in cache-and-track mode: (voigt1F,voigt2F,expF)
 **********
 **   18 **SET ERR         0.5
 **********
 **********
 **   19 **SET PRINT           1
 **********
 **********
 **   20 **HESSE        4500
 **********
 COVARIANCE MATRIX CALCULATED SUCCESSFULLY
 FCN=-11858.9 FROM HESSE     STATUS=OK             61 CALLS         589 TOTAL
                     EDM=1.89936e-05    STRATEGY= 1      ERROR MATRIX ACCURATE 
  EXT PARAMETER                                INTERNAL      INTERNAL  
  NO.   NAME      VALUE            ERROR       STEP SIZE       VALUE   
   1  frac3F       2.30893e+02   6.01869e+01   2.13021e-05  -1.54040e+00
   2  fracSF       7.81109e-01   8.70865e-02   1.32580e-04   5.97065e-01
   3  lpF         -8.69038e-02   2.38109e-02   3.29849e-05  -1.30757e-01
   4  mean1F       8.97830e+01   2.03314e-01   1.01524e-04  -2.19107e-01
   5  mean2F       8.52675e+01   1.67146e+00   1.23514e-04  -6.17008e-01
   6  normSF       2.82621e+03   7.88455e+01   1.53571e-06  -1.56016e+00
   7  sigma1F      2.11752e+00   2.11018e-01   1.09961e-04  -1.53595e-01
   8  sigma2F      4.39724e+00   8.87906e-01   1.75344e-03  -4.12270e-01
   9  width        2.49500e+00     fixed    
                               ERR DEF= 0.5
 EXTERNAL ERROR MATRIX.    NDIM=  25    NPAR=  8    ERR DEF=0.5
  3.622e+03 -2.099e+00  1.249e+00  7.220e+00  5.052e+01 -3.391e+03 -6.629e+00 -3.965e+01 
 -2.099e+00  7.699e-03 -6.047e-04 -1.281e-02 -1.398e-01  2.099e+00  1.611e-02  2.206e-02 
  1.249e+00 -6.047e-04  5.671e-04  2.215e-03  1.526e-02 -1.249e+00 -2.125e-03 -1.299e-02 
  7.220e+00 -1.281e-02  2.215e-03  4.134e-02  2.202e-01 -7.219e+00 -3.334e-02 -1.313e-01 
  5.052e+01 -1.398e-01  1.526e-02  2.202e-01  2.819e+00 -5.051e+01 -2.899e-01 -4.326e-01 
 -3.391e+03  2.099e+00 -1.249e+00 -7.219e+00 -5.051e+01  6.217e+03  6.628e+00  3.964e+01 
 -6.629e+00  1.611e-02 -2.125e-03 -3.334e-02 -2.899e-01  6.628e+00  4.464e-02  8.600e-02 
 -3.965e+01  2.206e-02 -1.299e-02 -1.313e-01 -4.326e-01  3.964e+01  8.600e-02  8.043e-01 
 PARAMETER  CORRELATION COEFFICIENTS  
       NO.  GLOBAL      1      2      3      4      5      6      7      8
        1  0.93383   1.000 -0.397  0.871  0.590  0.500 -0.715 -0.521 -0.734
        2  0.97822  -0.397  1.000 -0.289 -0.718 -0.949  0.303  0.869  0.280
        3  0.87920   0.871 -0.289  1.000  0.458  0.382 -0.665 -0.422 -0.608
        4  0.91430   0.590 -0.718  0.458  1.000  0.645 -0.450 -0.776 -0.720
        5  0.96855   0.500 -0.949  0.382  0.645  1.000 -0.382 -0.817 -0.287
        6  0.72521  -0.715  0.303 -0.665 -0.450 -0.382  1.000  0.398  0.561
        7  0.90401  -0.521  0.869 -0.422 -0.776 -0.817  0.398  1.000  0.454
        8  0.87912  -0.734  0.280 -0.608 -0.720 -0.287  0.561  0.454  1.000
[#1] INFO:Minization -- RooMinimizer::optimizeConst: deactivating const optimization
[#1] INFO:NumericIntegration -- RooRealIntegral::init(voigt1F_Int[Mmm]) using numeric integrator RooIntegrator1D to calculate Int(Mmm)
[#1] INFO:NumericIntegration -- RooRealIntegral::init(voigt2F_Int[Mmm]) using numeric integrator RooIntegrator1D to calculate Int(Mmm)
[#1] INFO:Plotting -- RooAbsPdf::plotOn(sigmodelF) directly selected PDF components: (expF)
[#1] INFO:Plotting -- RooAbsPdf::plotOn(sigmodelF) indirectly selected PDF components: ()
[#1] INFO:NumericIntegration -- RooRealIntegral::init(voigt1F_Int[Mmm]) using numeric integrator RooIntegrator1D to calculate Int(Mmm)
[#1] INFO:NumericIntegration -- RooRealIntegral::init(voigt2F_Int[Mmm]) using numeric integrator RooIntegrator1D to calculate Int(Mmm)
signal pass: 137.0623591790
signal fail: 2826.2103634880
efficiency: 0.0462537110
err efficiency: 0.0039512720
plots_el_2016pre/fits_Data_HLTEle25_meta2p0to2p5_pt15to26.png
[#1] INFO:DataHandling -- RooDataHist::adjustBinning(dh_pass): fit range of variable Mmm expanded to nearest bin boundaries: [65.0000000000,115.0000000000] --> [65.0000000000,115.0000000000]
[#1] INFO:DataHandling -- RooDataHist::adjustBinning(dh_fail): fit range of variable Mmm expanded to nearest bin boundaries: [65.0000000000,115.0000000000] --> [65.0000000000,115.0000000000]
[#1] INFO:Minization -- p.d.f. provides expected number of events, including extended term in likelihood.
[#1] INFO:NumericIntegration -- RooRealIntegral::init(voigt1P_Int[Mmm]) using numeric integrator RooIntegrator1D to calculate Int(Mmm)
[#1] INFO:NumericIntegration -- RooRealIntegral::init(voigt2P_Int[Mmm]) using numeric integrator RooIntegrator1D to calculate Int(Mmm)
[#1] INFO:Minization -- RooMinimizer::optimizeConst: activating const optimization
[#1] INFO:NumericIntegration -- RooRealIntegral::init(voigt1P_Int[Mmm]) using numeric integrator RooIntegrator1D to calculate Int(Mmm)
[#1] INFO:NumericIntegration -- RooRealIntegral::init(voigt2P_Int[Mmm]) using numeric integrator RooIntegrator1D to calculate Int(Mmm)
[#1] INFO:Minization --  The following expressions will be evaluated in cache-and-track mode: (voigt1P,voigt2P,expP)
[#1] INFO:Minization -- RooMinimizerFcn::synchronize: set of constant parameters changed, rerunning const optimizer
[#1] INFO:NumericIntegration -- RooRealIntegral::init(voigt1P_Int[Mmm]) using numeric integrator RooIntegrator1D to calculate Int(Mmm)
[#1] INFO:NumericIntegration -- RooRealIntegral::init(voigt2P_Int[Mmm]) using numeric integrator RooIntegrator1D to calculate Int(Mmm)
[#1] INFO:Minization --  The following expressions will be evaluated in cache-and-track mode: (voigt1P,voigt2P,expP)
 **********
 **   21 **SET PRINT           1
 **********
 **********
 **   22 **SET NOGRAD
 **********
 PARAMETER DEFINITIONS:
    NO.   NAME         VALUE      STEP SIZE      LIMITS
     1 frac3P       0.00000e+00  1.00000e+05    0.00000e+00  1.00000e+06
 MINUIT WARNING IN PARAM DEF
 ============== STARTING VALUE IS AT LIMIT.
 MINUIT WARNING IN PARAMETR
 ============== VARIABLE1 IS AT ITS LOWER ALLOWED LIMIT.
 MINUIT WARNING IN PARAMETR
 ============== VARIABLE1 BROUGHT BACK INSIDE LIMITS.
     2 fracSP       5.00000e-01  1.00000e-01    0.00000e+00  1.00000e+00
     3 lpP          0.00000e+00  2.10000e-01   -1.00000e+00  1.10000e+00
     4 mean1P       9.00000e+01  2.50000e+00    8.00000e+01  1.05000e+02
     5 mean2P       9.00000e+01  2.50000e+00    8.00000e+01  1.05000e+02
     6 normSP       1.00000e+05  5.00000e+04    0.00000e+00  1.00000e+08
 MINUIT WARNING IN PARAM DEF
 ============== LIMITS ON PARAM6 TOO FAR APART.
 PARAMETER DEFINITIONS:
    NO.   NAME         VALUE      STEP SIZE      LIMITS
     7 sigma1P      2.00000e+00  5.00000e-01    0.00000e+00  5.00000e+00
     8 sigma2P      4.00000e+00  8.00000e-01    2.00000e+00  1.00000e+01
     9 width        2.49500e+00  2.49500e-01     no limits
 **********
 **   23 **FIX           9
 **********
 **********
 **   24 **SET ERR         0.5
 **********
 **********
 **   25 **SET PRINT           1
 **********
 **********
 **   26 **SET STR           1
 **********
 NOW USING STRATEGY  1: TRY TO BALANCE SPEED AGAINST RELIABILITY
 **********
 **   27 **MIGRAD        4500           1
 **********
 FIRST CALL TO USER FUNCTION AT NEW START POINT, WITH IFLAG=4.
 MINUIT WARNING IN MIGrad    
 ============== VARIABLE1 IS AT ITS LOWER ALLOWED LIMIT.
 START MIGRAD MINIMIZATION.  STRATEGY  1.  CONVERGENCE WHEN EDM .LT. 1.00e-03
 FCN=92812.2 FROM MIGRAD    STATUS=INITIATE       55 CALLS          56 TOTAL
                     EDM= unknown      STRATEGY= 1      NO ERROR MATRIX       
  EXT PARAMETER               CURRENT GUESS       STEP         FIRST   
  NO.   NAME      VALUE            ERROR          SIZE      DERIVATIVE 
   1  frac3P       9.53674e-01   1.00000e+05   0.00000e+00   9.06096e+02
   2  fracSP       5.00000e-01   1.00000e-01   0.00000e+00   2.28008e+01
   3  lpP         -5.69439e-01   2.10000e-01  -5.83350e-01   1.68015e-02
   4  mean1P       9.00000e+01   2.50000e+00   0.00000e+00   3.56218e+02
   5  mean2P       9.00000e+01   2.50000e+00   0.00000e+00   4.16719e+02
   6  normSP       1.00000e+05   5.00000e+04   0.00000e+00   3.13257e+06
   7  sigma1P      2.00000e+00   5.00000e-01   0.00000e+00  -1.86577e+01
   8  sigma2P      4.00000e+00   8.00000e-01   0.00000e+00  -5.82098e+01
   9  width        2.49500e+00     fixed    
                               ERR DEF= 0.5
 MIGRAD MINIMIZATION HAS CONVERGED.
 MIGRAD WILL VERIFY CONVERGENCE AND ERROR MATRIX.
 COVARIANCE MATRIX CALCULATED SUCCESSFULLY
 FCN=-2259.46 FROM MIGRAD    STATUS=CONVERGED     775 CALLS         776 TOTAL
                     EDM=2.41868e-05    STRATEGY= 1      ERROR MATRIX ACCURATE 
  EXT PARAMETER                                   STEP         FIRST   
  NO.   NAME      VALUE            ERROR          SIZE      DERIVATIVE 
   1  frac3P       4.85301e+01   3.21156e+01   5.99094e-05   4.07847e-01
   2  fracSP       8.02340e-01   5.49500e-02   2.07931e-03   1.52895e-02
   3  lpP         -1.02769e-01   4.73655e-02   1.01482e-03  -1.50210e-02
   4  mean1P       8.92305e+01   1.89007e-01   4.48293e-04  -8.43045e-02
   5  mean2P       8.00000e+01   1.10776e+00   1.38383e-02** at limit **
   6  normSP       8.41559e+02   4.26965e+01   3.35033e-06   2.97457e+01
   7  sigma1P      2.63924e+00   1.93382e-01   2.20065e-03   2.89463e-02
   8  sigma2P      8.10395e+00   1.49253e+00   1.10237e-02  -1.74361e-03
   9  width        2.49500e+00     fixed    
                               ERR DEF= 0.5
 EXTERNAL ERROR MATRIX.    NDIM=  25    NPAR=  8    ERR DEF=0.5
  1.031e+03  1.461e+00  1.021e+00 -7.053e-01  4.504e-04 -9.821e+02  1.558e+00 -2.521e+01 
  1.461e+00  3.039e-03  1.065e-03 -2.369e-03 -5.108e-08 -1.460e+00  4.606e-03 -4.780e-02 
  1.021e+00  1.065e-03  2.245e-03 -7.403e-04  1.267e-07 -1.020e+00  2.715e-04 -1.057e-02 
 -7.053e-01 -2.369e-03 -7.403e-04  3.573e-02  4.732e-07  7.047e-01 -1.008e-02 -5.999e-02 
  4.504e-04 -5.108e-08  1.267e-07  4.732e-07  1.573e-06 -4.503e-04 -1.236e-06 -8.502e-06 
 -9.821e+02 -1.460e+00 -1.020e+00  7.047e-01 -4.503e-04  1.823e+03 -1.557e+00  2.521e+01 
  1.558e+00  4.606e-03  2.715e-04 -1.008e-02 -1.236e-06 -1.557e+00  3.747e-02 -4.655e-02 
 -2.521e+01 -4.780e-02 -1.057e-02 -5.999e-02 -8.502e-06  2.521e+01 -4.655e-02  2.387e+00 
 PARAMETER  CORRELATION COEFFICIENTS  
       NO.  GLOBAL      1      2      3      4      5      6      7      8
        1  0.91846   1.000  0.825  0.671 -0.116  0.011 -0.716  0.251 -0.508
        2  0.88903   0.825  1.000  0.408 -0.227 -0.001 -0.620  0.432 -0.561
        3  0.74071   0.671  0.408  1.000 -0.083  0.002 -0.504  0.030 -0.144
        4  0.49000  -0.116 -0.227 -0.083  1.000  0.002  0.087 -0.275 -0.205
        5  0.02572   0.011 -0.001  0.002  0.002  1.000 -0.008 -0.005 -0.004
        6  0.72038  -0.716 -0.620 -0.504  0.087 -0.008  1.000 -0.188  0.382
        7  0.50270   0.251  0.432  0.030 -0.275 -0.005 -0.188  1.000 -0.156
        8  0.67781  -0.508 -0.561 -0.144 -0.205 -0.004  0.382 -0.156  1.000
[#1] INFO:Minization -- RooMinimizerFcn::synchronize: set of constant parameters changed, rerunning const optimizer
[#1] INFO:NumericIntegration -- RooRealIntegral::init(voigt1P_Int[Mmm]) using numeric integrator RooIntegrator1D to calculate Int(Mmm)
[#1] INFO:NumericIntegration -- RooRealIntegral::init(voigt2P_Int[Mmm]) using numeric integrator RooIntegrator1D to calculate Int(Mmm)
[#1] INFO:Minization --  The following expressions will be evaluated in cache-and-track mode: (voigt1P,voigt2P,expP)
 **********
 **   28 **SET ERR         0.5
 **********
 **********
 **   29 **SET PRINT           1
 **********
 **********
 **   30 **HESSE        4500
 **********
 COVARIANCE MATRIX CALCULATED SUCCESSFULLY
 FCN=-2259.46 FROM HESSE     STATUS=OK             61 CALLS         837 TOTAL
                     EDM=2.43027e-05    STRATEGY= 1      ERROR MATRIX ACCURATE 
  EXT PARAMETER                                INTERNAL      INTERNAL  
  NO.   NAME      VALUE            ERROR       STEP SIZE       VALUE   
   1  frac3P       4.85301e+01   3.25325e+01   1.19819e-05  -1.55686e+00
   2  fracSP       8.02340e-01   5.57300e-02   4.15861e-04   6.49365e-01
   3  lpP         -1.02769e-01   4.75163e-02   4.05929e-05  -1.46012e-01
   4  mean1P       8.92305e+01   1.89027e-01   8.96585e-05  -2.64635e-01
   5  mean2P       8.00000e+01   1.10778e+00   2.76766e-03  -1.57056e+00
                                 WARNING -   - ABOVE PARAMETER IS AT LIMIT.
   6  normSP       8.41559e+02   4.30253e+01   6.70067e-07  -1.56499e+00
   7  sigma1P      2.63924e+00   1.93693e-01   4.40129e-04   5.57241e-02
   8  sigma2P      8.10395e+00   1.51302e+00   4.40946e-04   5.53875e-01
   9  width        2.49500e+00     fixed    
                               ERR DEF= 0.5
 EXTERNAL ERROR MATRIX.    NDIM=  25    NPAR=  8    ERR DEF=0.5
  1.058e+03  1.511e+00  1.041e+00 -6.845e-01  1.035e-04 -1.010e+03  1.616e+00 -2.672e+01 
  1.511e+00  3.126e-03  1.106e-03 -2.331e-03 -1.003e-08 -1.510e+00  4.705e-03 -5.049e-02 
  1.041e+00  1.106e-03  2.259e-03 -7.316e-04  3.123e-08 -1.041e+00  3.280e-04 -1.167e-02 
 -6.845e-01 -2.331e-03 -7.316e-04  3.573e-02  1.077e-07  6.843e-01 -1.007e-02 -6.070e-02 
  1.035e-04 -1.003e-08  3.123e-08  1.077e-07  1.573e-06 -1.035e-04 -2.803e-07 -1.957e-06 
 -1.010e+03 -1.510e+00 -1.041e+00  6.843e-01 -1.035e-04  1.851e+03 -1.616e+00  2.672e+01 
  1.616e+00  4.705e-03  3.280e-04 -1.007e-02 -2.803e-07 -1.616e+00  3.759e-02 -4.952e-02 
 -2.672e+01 -5.049e-02 -1.167e-02 -6.070e-02 -1.957e-06  2.672e+01 -4.952e-02  2.458e+00 
 PARAMETER  CORRELATION COEFFICIENTS  
       NO.  GLOBAL      1      2      3      4      5      6      7      8
        1  0.92062   1.000  0.830  0.673 -0.111  0.003 -0.721  0.256 -0.524
        2  0.89232   0.830  1.000  0.416 -0.220 -0.000 -0.628  0.434 -0.576
        3  0.74263   0.673  0.416  1.000 -0.081  0.001 -0.509  0.036 -0.157
        4  0.49016  -0.111 -0.220 -0.081  1.000  0.000  0.084 -0.275 -0.205
        5  0.00584   0.003 -0.000  0.001  0.000  1.000 -0.002 -0.001 -0.001
        6  0.72544  -0.721 -0.628 -0.509  0.084 -0.002  1.000 -0.194  0.396
        7  0.50508   0.256  0.434  0.036 -0.275 -0.001 -0.194  1.000 -0.163
        8  0.68923  -0.524 -0.576 -0.157 -0.205 -0.001  0.396 -0.163  1.000
[#1] INFO:Minization -- RooMinimizer::optimizeConst: deactivating const optimization
[#1] INFO:NumericIntegration -- RooRealIntegral::init(voigt1P_Int[Mmm]) using numeric integrator RooIntegrator1D to calculate Int(Mmm)
[#1] INFO:NumericIntegration -- RooRealIntegral::init(voigt2P_Int[Mmm]) using numeric integrator RooIntegrator1D to calculate Int(Mmm)
[#1] INFO:Plotting -- RooAbsPdf::plotOn(sigmodelP) directly selected PDF components: (expP)
[#1] INFO:Plotting -- RooAbsPdf::plotOn(sigmodelP) indirectly selected PDF components: ()
[#1] INFO:NumericIntegration -- RooRealIntegral::init(voigt1P_Int[Mmm]) using numeric integrator RooIntegrator1D to calculate Int(Mmm)
[#1] INFO:NumericIntegration -- RooRealIntegral::init(voigt2P_Int[Mmm]) using numeric integrator RooIntegrator1D to calculate Int(Mmm)
[#1] INFO:Minization -- p.d.f. provides expected number of events, including extended term in likelihood.
[#1] INFO:NumericIntegration -- RooRealIntegral::init(voigt1F_Int[Mmm]) using numeric integrator RooIntegrator1D to calculate Int(Mmm)
[#1] INFO:NumericIntegration -- RooRealIntegral::init(voigt2F_Int[Mmm]) using numeric integrator RooIntegrator1D to calculate Int(Mmm)
[#1] INFO:Minization -- RooMinimizer::optimizeConst: activating const optimization
[#1] INFO:NumericIntegration -- RooRealIntegral::init(voigt1F_Int[Mmm]) using numeric integrator RooIntegrator1D to calculate Int(Mmm)
[#1] INFO:NumericIntegration -- RooRealIntegral::init(voigt2F_Int[Mmm]) using numeric integrator RooIntegrator1D to calculate Int(Mmm)
[#1] INFO:Minization --  The following expressions will be evaluated in cache-and-track mode: (voigt1F,voigt2F,expF)
[#1] INFO:Minization -- RooMinimizerFcn::synchronize: set of constant parameters changed, rerunning const optimizer
[#1] INFO:NumericIntegration -- RooRealIntegral::init(voigt1F_Int[Mmm]) using numeric integrator RooIntegrator1D to calculate Int(Mmm)
[#1] INFO:NumericIntegration -- RooRealIntegral::init(voigt2F_Int[Mmm]) using numeric integrator RooIntegrator1D to calculate Int(Mmm)
[#1] INFO:Minization --  The following expressions will be evaluated in cache-and-track mode: (voigt1F,voigt2F,expF)
 **********
 **   31 **SET PRINT           1
 **********
 **********
 **   32 **SET NOGRAD
 **********
 PARAMETER DEFINITIONS:
    NO.   NAME         VALUE      STEP SIZE      LIMITS
     1 frac3F       0.00000e+00  1.00000e+05    0.00000e+00  1.00000e+06
 MINUIT WARNING IN PARAM DEF
 ============== STARTING VALUE IS AT LIMIT.
 MINUIT WARNING IN PARAMETR
 ============== VARIABLE1 IS AT ITS LOWER ALLOWED LIMIT.
 MINUIT WARNING IN PARAMETR
 ============== VARIABLE1 BROUGHT BACK INSIDE LIMITS.
     2 fracSF       5.00000e-01  1.00000e-01    0.00000e+00  1.00000e+00
     3 lpF         -1.00000e-01  2.10000e-01   -1.00000e+00  1.10000e+00
     4 mean1F       9.00000e+01  2.50000e+00    8.00000e+01  1.05000e+02
     5 mean2F       9.00000e+01  2.50000e+00    8.00000e+01  1.05000e+02
     6 normSF       1.00000e+05  5.00000e+04    0.00000e+00  1.00000e+08
 MINUIT WARNING IN PARAM DEF
 ============== LIMITS ON PARAM6 TOO FAR APART.
 PARAMETER DEFINITIONS:
    NO.   NAME         VALUE      STEP SIZE      LIMITS
     7 sigma1F      1.00000e+00  5.00000e-01    0.00000e+00  5.00000e+00
     8 sigma2F      3.50000e+00  7.50000e-01    2.00000e+00  1.00000e+01
     9 width        2.49500e+00  2.49500e-01     no limits
 **********
 **   33 **FIX           9
 **********
 **********
 **   34 **SET ERR         0.5
 **********
 **********
 **   35 **SET PRINT           1
 **********
 **********
 **   36 **SET STR           1
 **********
 NOW USING STRATEGY  1: TRY TO BALANCE SPEED AGAINST RELIABILITY
 **********
 **   37 **MIGRAD        4500           1
 **********
 FIRST CALL TO USER FUNCTION AT NEW START POINT, WITH IFLAG=4.
 MINUIT WARNING IN MIGrad    
 ============== VARIABLE1 IS AT ITS LOWER ALLOWED LIMIT.
 START MIGRAD MINIMIZATION.  STRATEGY  1.  CONVERGENCE WHEN EDM .LT. 1.00e-03
 FCN=-21167.7 FROM MIGRAD    STATUS=INITIATE       62 CALLS          63 TOTAL
                     EDM= unknown      STRATEGY= 1      NO ERROR MATRIX       
  EXT PARAMETER               CURRENT GUESS       STEP         FIRST   
  NO.   NAME      VALUE            ERROR          SIZE      DERIVATIVE 
   1  frac3F       9.53674e-01   1.00000e+05   0.00000e+00   2.52696e+02
   2  fracSF       5.00000e-01   1.00000e-01   0.00000e+00  -1.14195e+01
   3  lpF         -1.00000e-01   2.10000e-01   0.00000e+00   3.68219e+00
   4  mean1F       9.00000e+01   2.50000e+00   0.00000e+00   5.40534e+03
   5  mean2F       9.00000e+01   2.50000e+00   0.00000e+00   4.94397e+03
   6  normSF       1.00000e+05   5.00000e+04   0.00000e+00   2.68940e+06
   7  sigma1F      4.99955e+00   5.00000e-01   2.19541e+00  -5.28628e+00
   8  sigma2F      3.50000e+00   7.50000e-01   0.00000e+00   2.79274e+02
   9  width        2.49500e+00     fixed    
                               ERR DEF= 0.5
 EIGENVALUES OF SECOND-DERIVATIVE MATRIX:
        -1.3426e+00  4.1294e-01  5.2197e-01  1.0000e+00  1.0375e+00  1.4660e+00  2.1911e+00  2.7131e+00
 MINUIT WARNING IN MIGRAD  
 ============== MATRIX FORCED POS-DEF BY ADDING 1.345353 TO DIAGONAL.
 MIGRAD MINIMIZATION HAS CONVERGED.
 MIGRAD WILL VERIFY CONVERGENCE AND ERROR MATRIX.
 COVARIANCE MATRIX CALCULATED SUCCESSFULLY
 FCN=-79832.4 FROM MIGRAD    STATUS=CONVERGED     864 CALLS         865 TOTAL
                     EDM=0.00015783    STRATEGY= 1      ERROR MATRIX ACCURATE 
  EXT PARAMETER                                   STEP         FIRST   
  NO.   NAME      VALUE            ERROR          SIZE      DERIVATIVE 
   1  frac3F       1.27064e+03   1.12604e+02   2.71574e-04  -4.92602e-01
   2  fracSF       2.56250e-01   4.94174e-02   3.77941e-03  -5.35293e-02
   3  lpF         -9.94026e-02   1.00235e-02   1.01053e-03  -5.98259e-01
   4  mean1F       8.44522e+01   9.50794e-01   3.85534e-03   2.48897e-02
   5  mean2F       8.96416e+01   9.01400e-02   7.23551e-04   2.07786e+00
   6  normSF       1.36415e+04   1.58175e+02   1.99674e-05   1.48300e+01
   7  sigma1F      5.00000e+00   3.58209e-01   9.92168e-02  -3.80520e-03
   8  sigma2F      2.62201e+00   1.13248e-01   4.29695e-03   1.00682e-01
   9  width        2.49500e+00     fixed    
                               ERR DEF= 0.5
 EXTERNAL ERROR MATRIX.    NDIM=  25    NPAR=  8    ERR DEF=0.5
  1.268e+04  2.401e+00  9.324e-01  6.034e+01  2.848e+00 -1.139e+04  1.286e-02 -5.671e+00 
  2.401e+00  2.453e-03  1.234e-04  4.538e-02  3.695e-03 -2.400e+00 -9.818e-06 -5.047e-03 
  9.324e-01  1.234e-04  1.005e-04  3.432e-03  1.234e-04 -9.308e-01  9.221e-07 -3.400e-04 
  6.034e+01  4.538e-02  3.432e-03  9.070e-01  6.358e-02 -6.030e+01 -1.840e-04 -9.240e-02 
  2.848e+00  3.695e-03  1.234e-04  6.358e-02  8.125e-03 -2.847e+00  2.465e-06 -8.080e-03 
 -1.139e+04 -2.400e+00 -9.308e-01 -6.030e+01 -2.847e+00  2.502e+04 -1.285e-02  5.667e+00 
  1.286e-02 -9.818e-06  9.221e-07 -1.840e-04  2.465e-06 -1.285e-02  2.378e-06  1.411e-05 
 -5.671e+00 -5.047e-03 -3.400e-04 -9.240e-02 -8.080e-03  5.667e+00  1.411e-05  1.284e-02 
 PARAMETER  CORRELATION COEFFICIENTS  
       NO.  GLOBAL      1      2      3      4      5      6      7      8
        1  0.89784   1.000  0.431  0.826  0.563  0.281 -0.640  0.074 -0.444
        2  0.98535   0.431  1.000  0.249  0.962  0.828 -0.306 -0.129 -0.900
        3  0.84272   0.826  0.249  1.000  0.360  0.137 -0.587  0.060 -0.299
